16308
16040
328
14374
10050
7122
14982
3000
12684
15194
13716
11160
11474
13116
18328
7536
1492
3568
7188
19602
542
5894
11492
18464
6630
17992
11038
9366
1986
9870
15332
11536
5670
1506
12220
2700
4106
17924
6568
11460
4580
14564
18144
7746
2836
12196
14134
12516
10016
18366
8064
19888
8484
12852
7330
13870
692
4058
14158
16728
1180
19736
14166
874
9764
10700
12740
8238
6902
15914
6864
10186
3502
8496
2990
4134
6546
4840
7636
4558
8822
890
17794
144
7366
3538
5776
16282
7916
14042
12312
7222
19022
5972
8456
7214
6186
18466
8388
8708
15840
18598
8866
980
6150
2716
5384
12528
18396
14950
1146
1470
15380
11472
10556
3618
11992
6714
2256
16450
8284
19760
19802
4108
8508
13064
4302
2040
10196
15376
14450
1536
11762
16158
12230
18558
9446
6802
3756
18382
11758
11498
16102
1094
4792
2238
5216
18784
11714
1002
12574
9058
11580
2860
17110
7350
16232
2382
568
3304
3462
14922
19634
12156
6328
5472
4066
14874
11780
17306
15024
8606
10458
836
792
5584
18384
8810
11748
8676
1114
1472
9704
358
2898
5324
4628
11994
7752
6810
19502
12002
19948
8880
7668
14326
12302
14854
16300
7954
340
17634
10030
4246
18670
628
13130
10722
15066
11254
17350
13514
10398
6010
9854
15582
4158
15574
2332
11926
18402
824
14314
13062
1392
13684
3488
17512
15542
1984
5418
1714
18810
3746
19674
5432
12218
15222
10
17574
6490
6588
12580
4782
8232
11614
9588
11920
246
5806
1352
18716
12486
7154
6242
12838
14300
1690
15354
4532
4552
15452
14350
3532
854
19732
16146
19562
6312
6894
5904
16994
7956
8616
14418
17226
5822
16776
2280
17680
18322
12052
17844
2542
5302
9838
10254
13742
16938
5862
4240
3990
17742
8282
7502
3570
14586
4974
17718
18156
10000
17200
5530
10274
362
15050
17476
7794
3954
16838
9784
16150
18160
4394
10324
13352
7046
13426
19744
10114
10376
2452
7102
9778
1816
10028
5230
12682
4024
10640
7152
15826
14740
13800
17982
460
11734
14966
1484
4800
7022
3318
12768
17502
5532
14910
13236
10918
7416
5496
13912
17138
17386
274
668
12082
15708
4638
1284
9864
10238
606
12370
7468
15268
4440
12822
11016
8876
4684
19312
10448
2004
784
6766
16226
18462
11856
5422
2776
3198
3760
15988
16828
1362
5306
9088
11304
1432
5340
3850
16622
12650
11618
56
13208
2128
19870
12802
15412
9700
12274
3380
6642
2924
1208
7460
17954
9654
9474
19248
14362
924
580
4754
19178
18524
5326
12796
10598
10382
16302
8472
8626
4172
12858
1926
18996
8886
2208
14372
3778
2742
3740
4312
19260
810
3110
19698
13736
1692
796
18
7352
10726
3212
19152
6712
4528
9248
16860
17358
8964
9380
2414
3064
10630
2848
18710
17786
5944
3678
2034
17772
11414
2690
2460
18854
13666
17152
17780
9174
15912
12906
936
12636
15148
14502
534
15250
17124
9216
15962
3660
8292
16714
15110
6782
17740
6004
5060
9898
4654
7906
5128
17652
16914
11338
12600
90
10006
17596
3206
15680
11914
6398
16416
3142
12994
7698
10538
4188
19490
10502
3558
4952
15950
14274
6854
5642
3072
9326
13260
17996
2226
2146
832
5902
15042
2950
1608
5638
16090
9644
4102
15096
3716
12386
9696
6660
6400
18880
5146
7292
17388
18506
15634
4808
3578
16438
17166
6582
1796
14684
10460
7836
4880
8544
5616
10984
5370
9256
19558
14730
10454
10316
9580
16096
18954
4982
4180
12118
4758
18374
4762
17278
9574
1168
4484
10990
18240
13244
3378
2246
7726
19300
19304
8440
8942
12630
94
19014
4692
10498
7770
5106
13862
13972
3140
16164
18606
2568
3604
18452
11114
2372
2448
3346
6006
19106
9552
18216
19738
3286
15642
12632
11172
9708
11882
4724
7952
14628
12696
16660
14334
14760
19298
1430
3224
10628
15506
11070
13476
17384
4492
16464
1398
4360
3322
10326
5354
9286
7334
4430
18980
6462
830
480
6750
9240
15220
7822
1996
8056
18942
18092
11444
9044
15186
4458
524
13152
5260
3102
14880
15654
14624
8168
11976
8518
12810
3394
12844
19436
16462
14648
6408
2760
3788
2982
4574
3240
19206
2640
11166
9638
12304
11090
3686
12444
12110
8648
11770
16552
15206
12766
13320
8526
9414
17328
15696
14616
3800
8184
4810
1890
5136
14568
2908
9652
5768
2828
17268
10568
7808
14542
2756
6924
6710
7756
13382
6296
6878
12916
68
14018
12354
15866
11256
4506
10584
10346
19224
3416
3302
3136
6110
19252
17352
3262
2862
10800
15188
18660
16800
10972
16780
9462
13024
19846
174
18672
17298
5790
2024
17578
17028
5238
14198
18080
17702
8974
5202
1820
12500
13434
6048
10156
17950
6774
806
13054
13430
9034
17964
19544
1862
17368
30
17272
8714
15388
17852
7346
10080
10672
2976
19694
1658
8094
16668
18534
17354
14802
9684
10834
2772
13340
15530
17936
11224
1034
11526
2720
6970
15446
3222
12934
14968
2350
6176
11328
7314
13372
17682
8840
8868
14824
15972
8026
13080
17566
282
1220
7632
10620
18564
15820
5192
4690
17962
3486
16044
2196
19144
16700
5942
12412
13938
5002
15144
14040
12266
18586
4662
15892
1512
7246
7754
16984
17942
3824
11832
11818
3424
8836
6828
11752
18918
12750
1446
2318
8248
1666
17632
4034
15284
11218
18514
15986
4522
10336
3940
6044
4568
562
236
3126
13610
8976
8178
18030
11854
19228
4770
8870
9436
5644
688
18882
6672
18074
186
11188
16052
458
17180
11696
17480
15936
570
14050
16760
19604
1372
17126
7638
17558
9780
4602
6236
17314
4120
2168
12962
18192
7014
11820
5240
10392
14774
2738
1062
5692
13436
19938
9246
7832
6184
16572
15394
12678
1428
12888
18682
11122
15910
4006
10100
10884
2056
15028
2896
3652
16342
9872
4370
16170
13816
17746
1580
19052
2270
4162
17234
13754
9342
9810
1570
3728
12894
11894
11136
5076
8538
13248
13592
19276
19842
6076
9418
14184
4254
5940
13250
17320
17186
80
12886
9954
2390
960
8384
17872
9740
6992
6524
2878
18708
6060
438
15248
14504
1928
5424
7874
15368
13388
15280
9122
7340
8794
9334
13246
8716
13486
4966
12346
18864
10038
14
9766
2968
4152
5420
4656
13762
7274
15246
1868
11012
496
5428
13452
6074
10880
8188
14354
18284
3508
15760
2986
15916
2936
14528
5546
7762
17816
834
16904
13238
12294
9586
16976
296
10624
16502
8586
1404
3924
16870
19404
11892
11494
14164
18234
11522
3962
14822
870
220
1716
18352
6940
6000
10618
13838
17188
12356
18442
16580
7224
9514
18204
4198
11718
10878
4260
1854
5962
10084
6436
9620
1134
17052
17422
16566
13950
3426
7784
15586
8888
8640
16758
748
4888
4510
15156
2458
1800
17474
14718
9676
17050
14522
9978
2548
6834
8302
15274
9308
11180
17808
5840
19494
7398
12624
11102
194
3796
10754
10372
15588
18562
17294
12080
14144
11608
1920
11838
9244
11404
7358
5040
18060
8760
6058
15676
7362
8470
14200
14046
5254
6012
3576
11502
286
14882
11744
11440
14562
4466
14692
952
3356
15052
8134
3584
6998
18842
18480
2
11728
11550
14016
382
10230
13470
11382
4214
12818
14526
7040
14238
8464
3630
14892
3914
10576
19946
2144
6284
6664
19234
13364
11852
15070
10378
16086
8204
900
15006
6724
11372
7430
3454
16768
11586
6416
2572
14686
2086
1728
3282
994
3922
1866
3178
3620
12542
6346
6852
16512
3266
3264
4236
19862
10708
18238
17892
18028
2972
6464
9866
19932
14224
15458
3184
7960
17000
940
11138
18646
16996
9136
6454
18830
3718
19118
18782
1746
5522
8914
7556
12652
18088
1680
11686
612
5884
3174
19520
16178
8678
11360
17220
19350
15932
8182
6078
3916
12664
16892
19476
686
17668
9488
736
1724
2728
10730
9632
1804
16356
4250
10532
16992
19624
8474
16222
84
4072
7724
1240
1906
6962
13200
10310
5070
24
11376
13986
14572
2762
16880
3012
6604
16664
10998
2650
13984
10724
5476
26
17222
2116
11174
11366
6792
11156
8034
3814
13936
4038
1286
8082
17348
7768
16344
13094
9972
13194
15310
664
6492
14242
14756
4632
6512
1756
12770
6052
14672
15858
9706
1110
17088
19754
16844
9498
1298
19640
13386
3104
12754
2988
1300
1760
15444
6786
17284
10342
18412
4746
6608
13202
14790
13890
8150
9612
17564
15296
15172
10838
6674
12040
3422
774
18678
8520
11692
17870
19956
6978
18070
11500
7820
15764
9478
9686
2524
14080
10400
19188
14220
17822
1418
10716
13102
12814
17994
17418
4512
18946
11446
1088
10278
4308
12158
19982
8358
18818
15384
19236
12712
7084
7098
1792
6598
16910
16004
12374
14398
19376
6138
10504
10188
6860
15286
18082
11888
9890
11434
1858
8046
11352
136
19680
3662
15410
13596
15420
14530
5470
4174
4148
1376
4696
10850
13552
3830
9670
9970
2194
6210
12878
7730
17390
7300
11508
17484
15816
7476
2926
13256
5464
5718
15824
15322
8960
3320
19070
12982
4980
13892
9166
16018
2522
2708
14704
16030
7968
10710
6720
2108
2498
17154
6488
5442
10580
9108
11800
1834
926
2046
8918
13304
6740
10644
1918
13840
5156
10228
7234
19682
7092
12090
7630
16612
16246
1640
18404
8350
12100
9672
16744
272
15792
1262
7456
13794
19154
15544
8454
18800
14290
10742
11088
15490
6990
15918
3070
724
15638
11140
8264
8214
17310
16188
17614
3668
15658
4112
12798
16132
11048
17470
14336
10144
4928
12402
16242
18556
5412
14742
1408
17866
12314
11058
19500
4530
10334
2930
14060
5900
12726
8234
10064
18112
13276
19794
10658
7448
8864
6342
16956
7368
10224
11574
15190
18490
2228
4326
14284
3736
11410
476
14844
10890
1538
19886
9820
15320
15980
5582
8236
19496
5436
13920
6600
11210
4936
1078
7384
12278
14890
8890
1044
2852
18406
8336
5816
15694
17158
1712
4642
15968
2594
1970
11148
8946
2088
14868
8884
12854
2644
19926
14236
12484
3138
5760
7804
17642
8592
2334
11432
11862
5172
10692
18638
19024
13446
6280
5218
19094
10142
19058
9738
9468
13048
1130
13282
19116
2064
5566
9350
6036
1142
426
2212
14246
14342
2118
10480
5368
5404
14130
19330
19912
8574
7140
16878
1594
15890
212
4432
8118
2824
12644
19832
13758
16616
14102
16024
10738
2322
17128
2508
10094
18608
12872
8160
4218
616
7712
8748
9642
16734
5710
17738
2220
8604
12604
2406
7170
19190
11300
2216
7256
17546
17462
5102
2000
6634
11294
14020
16148
12308
7564
7058
18016
2774
4478
7228
12752
8900
3094
13642
2054
14254
19170
11220
11918
15562
8276
1264
9430
3858
18792
7260
13944
17506
6134
74
9398
3810
7174
270
13070
6474
914
5206
8298
10902
8220
5158
15406
3898
62
11674
19374
4598
10418
15124
3156
5048
15158
12166
18278
2072
15754
5104
1378
3540
7680
5482
7266
10752
2222
3080
15720
1698
2966
3792
18256
424
14338
5590
7826
17532
11756
15396
1490
13460
4016
10614
8228
3230
7570
16708
7030
11732
2974
3694
12992
12172
13734
5514
19082
9606
13894
4636
16274
17116
8910
4588
9732
5320
8906
4910
8108
14570
14928
11380
2402
13118
3612
11566
388
16912
11632
14864
15398
8730
4798
9900
5548
17296
8224
12262
15600
1222
15378
2530
18482
9540
7798
19262
6202
6592
18326
18838
17464
15872
18644
510
9584
19858
5932
5140
6590
13198
14150
5298
9180
19768
4132
2470
10088
1416
7650
10770
5152
4898
14510
896
4160
12188
14256
17438
19834
5278
14266
5914
6760
10232
13530
1302
15178
6838
3880
484
16490
16840
4000
7454
11662
1710
8380
10758
14904
10560
3492
15798
14034
2250
6890
11746
9066
10384
13608
2680
18476
17450
820
12012
9896
10980
14538
17076
17618
9590
19952
13802
16868
4600
3588
7758
14360
10272
14230
5684
5492
12256
16118
10664
17908
7872
12904
19360
17080
19860
15660
5640
15834
7094
12414
14630
3762
15850
128
7230
18228
14162
1024
17378
16080
5990
6756
6330
18512
592
4916
15558
18914
8646
17460
18998
18094
12782
8310
14272
6928
2014
19048
17196
2630
11422
11002
16166
3744
3696
1624
15080
9936
3412
1494
860
12388
13774
966
16542
17490
3096
2132
7410
10736
134
19438
18332
11350
16394
2780
7962
474
4796
516
13458
13508
6204
232
11616
10948
9412
3120
13724
15532
11542
1586
14978
7558
7254
15630
14452
18936
10124
1676
6638
10848
11082
12020
14986
14178
17034
17416
19184
12898
3650
14924
7086
1022
19670
8874
4494
6888
5636
6952
9662
13038
16592
15366
6374
11222
12132
5714
7142
17084
5028
3512
5650
2512
16014
1248
3868
180
4524
8482
2096
13726
16338
7786
17132
9926
238
11794
2474
3988
13170
16330
17938
214
16186
17534
10374
8028
1688
18046
16930
1934
17244
3854
8104
7816
12292
7088
3600
10678
12030
9932
5244
5888
8766
14276
15272
15174
3742
4504
4584
4146
15804
10394
2252
18470
13568
11388
2236
4852
3048
18108
16716
3388
7374
1880
7736
19628
4912
18424
18486
8550
4826
546
5794
2110
12240
10612
518
13302
13928
8308
5586
1904
8776
5086
19656
11578
19192
15004
5624
1084
8762
9618
17984
5454
14364
7902
10500
6270
14618
15748
2518
8132
2620
10110
3780
11200
16528
18568
6910
6508
18604
19156
5876
10284
18876
1118
16754
19572
17722
410
9718
11922
256
16504
880
13180
4290
12270
15884
4616
10466
3932
2214
2450
10070
13104
15462
12506
15536
5998
14114
9266
14640
16294
11996
19368
4622
14840
10452
1116
12692
7710
12850
13454
13714
19286
16548
19600
10846
13406
3944
2782
2190
5212
1466
2028
7654
16722
10128
324
10686
1646
6694
4054
6926
13650
14994
1682
10748
14612
2354
8392
18612
352
3194
12036
12978
3724
7910
4630
2440
13772
8154
19442
868
6918
13790
13576
1892
6392
9602
492
17600
5328
14302
452
14414
9394
8820
11470
11266
7932
2858
4136
1616
4784
8402
9222
1282
4446
852
18044
19818
8032
17444
7584
2906
3398
6018
12424
14852
12800
11640
9372
3352
6500
15044
14482
14980
3528
19352
5016
19702
19470
7964
4208
3052
14394
4
8084
18814
5330
2494
280
18780
10244
12466
19960
3832
6188
904
16286
19582
7944
12054
3028
18846
9120
15486
19566
7658
2166
7554
19392
10134
6620
15448
10318
4572
8758
11984
7324
19426
8088
12288
2016
5970
906
10718
4950
8554
12306
9922
12436
15746
16072
17998
9510
2264
17510
19650
2616
12774
18548
11030
8764
16522
17966
8010
7920
14168
19416
15870
2586
19868
4608
15612
12970
10068
16952
11806
16048
5804
10910
7540
1614
13940
13898
3472
17254
8120
6196
15108
10242
8126
14996
4286
4124
8566
10116
12616
10008
9012
2232
19586
17650
12176
7050
1798
14560
9118
52
13884
16244
8140
2198
2892
18200
3906
13140
2584
19844
19710
6326
8374
16280
812
4274
4342
17584
2048
1932
15526
13970
18816
18872
3994
254
3956
1738
8486
7890
18364
218
7338
11630
14842
18510
8226
19400
8564
9270
7586
16116
19038
7676
4948
8992
9346
548
3842
2076
2660
8658
206
18554
9482
17364
19460
2304
2932
19678
14506
10234
2062
11876
8516
10650
2444
216
7666
19706
14656
17540
2070
17922
16334
9524
5868
2290
15514
4282
14312
18866
7252
13760
14970
9850
5372
5708
13390
17098
17986
12648
11340
12870
1814
3596
4336
10298
2800
10876
1582
14524
12260
15118
4498
11056
5462
10416
10954
16928
6090
15466
1872
4378
15040
18410
15176
18686
2812
5232
10180
12570
1636
3818
3910
12546
15508
16578
15430
1960
348
466
5728
9074
9218
3536
12596
58
19338
6222
1998
15472
14642
4748
17914
18926
12482
17828
17086
13540
15976
818
14820
12076
8596
16460
2942
18062
16230
16872
1294
8624
1148
11982
4276
11850
9726
17332
16486
6758
12250
2210
3888
19996
10436
1440
5626
2438
5874
19072
10642
10646
8788
8410
558
5382
15546
10138
14594
19798
7568
9234
9030
5588
9080
5058
9126
7660
3022
18714
6376
8506
10148
12972
210
18000
8842
1414
8698
11970
16448
17208
4398
5706
14476
8418
11516
5284
2634
6144
14694
18244
15400
4296
15054
1730
8962
2274
19110
14806
15022
2248
17376
1338
9694
19556
17726
3714
4858
15436
15788
2558
14082
10668
19714
12422
15342
1758
3310
19696
6414
8834
4890
4850
13088
14090
13122
8576
11776
10354
2400
16978
8240
8
3272
16380
1558
13678
10264
12952
3004
17122
13120
9556
17900
12226
6482
3768
13582
13494
9470
9824
2162
15670
12998
4712
7900
2370
7024
16332
9288
17710
3976
3476
6220
9846
2484
16172
1520
9944
11370
12010
12236
11628
10166
15114
3274
126
17858
9272
3876
2380
6744
13036
9336
16550
6140
13222
12588
17750
1424
15214
3014
9526
8146
18066
6950
13012
10566
6272
8786
18310
16816
2008
13876
12134
12556
6934
4262
9084
19750
9114
15620
13252
12698
11312
6886
19482
1364
11064
258
19658
12966
9284
19176
648
16514
17860
1810
2792
14288
7048
13786
15428
11710
14666
124
17150
502
18246
14614
15484
15518
17820
11648
10280
17264
12954
6650
10740
16180
17494
12150
7606
636
16958
1950
40
12228
13092
10680
13472
19792
11028
5366
4828
17026
6332
17468
18394
3192
3908
8114
16038
19102
19878
2418
13008
8608
12830
10788
3862
8306
11326
16746
13428
10478
9508
5264
7208
4926
7134
354
5606
368
11528
6968
12112
12514
11324
11054
3640
7304
19568
9678
7624
11594
5848
11950
19370
12974
7824
9020
15048
13144
9512
16304
9314
4420
2526
3878
8998
3024
8744
19900
4384
17458
19468
14126
14512
18398
5552
6678
10840
17764
6214
11412
13896
3364
9830
4868
13550
1120
10996
4864
14798
13204
5054
7884
3338
13178
1172
19578
16478
2868
726
17824
13270
12760
986
14870
8356
19132
17068
11860
15078
7250
10822
946
884
3896
18220
13230
12006
17886
17696
7108
8642
16134
8720
11978
6368
17300
6388
12232
9016
4514
11768
17598
11916
14646
13676
14498
18436
4278
7644
5194
9494
15828
12598
10104
12932
3866
12504
1228
9294
18474
12820
4958
4564
19452
2394
8312
17846
10408
7934
8360
8814
15718
14516
3060
6068
7392
16842
8328
6238
8594
10052
4962
5602
9438
5034
3648
15244
5314
982
15740
9906
5228
8128
8096
16408
15904
15318
16258
3950
8928
108
18676
10222
17324
7774
4652
19864
7868
16766
3268
13792
14902
19758
1304
4462
16854
16890
1560
4074
18908
18272
9448
2546
10896
5740
6794
11420
17074
10096
6360
4582
15898
1540
3602
19536
16276
2918
19108
12338
9112
9818
15928
11520
4842
16614
7574
12160
3670
2610
10588
5694
4426
1566
10314
10380
19080
16028
17018
19838
11332
18248
12382
17448
7276
3764
12268
10330
3026
16064
17372
1178
10892
6288
18110
15864
16322
1734
1964
7942
13908
8296
1296
7036
5680
3732
5516
7078
15922
8196
2622
4994
14044
7004
7432
2308
184
15786
9340
12180
11390
14002
13888
14132
4166
13480
6192
16060
1444
10154
17934
8446
16010
16160
462
8152
19630
12628
1652
17976
11196
15504
15346
6498
5518
4192
15160
15386
14116
1336
10528
7974
19728
12416
5266
8922
11262
9130
16688
10766
5604
9790
7372
10662
8286
2010
16690
18472
18450
5134
13886
3238
12560
12890
9948
9904
15128
6418
14128
18096
2104
2722
4838
15596
15862
10364
10760
11816
18414
10474
1740
7518
5080
19480
18496
19114
9792
15072
7844
9532
13164
432
15882
2614
6868
14698
11724
13314
5652
11230
13072
8536
13160
15896
12880
15994
626
4956
3392
6746
10290
18148
8122
3354
3040
16608
6148
19212
2698
3948
18934
16604
10270
13832
9690
5098
18578
9138
3382
11924
19748
428
9886
454
5214
12778
16988
4542
3374
7664
12512
17282
16206
15894
7538
666
6104
12592
16526
5950
18580
2938
4666
2476
7128
2674
5954
13046
13156
6206
17344
19788
7070
6338
8902
18576
16812
11942
7848
12074
17312
4366
4410
8994
848
2702
18602
13058
18550
12794
2592
12670
12520
2456
3054
12634
5978
15752
6182
9744
4576
5958
170
5986
13466
1042
9260
14348
15252
7370
5524
7406
13498
17802
14532
326
14608
11436
7622
4178
2766
8498
12842
13538
16924
4202
14424
16654
7002
1452
5656
14124
4702
9940
7778
2980
12016
14850
14886
10978
11912
12104
5342
7886
7928
14474
6234
4984
9264
1674
13788
4078
11660
11282
14752
3706
2188
3294
696
4026
12756
17748
1812
262
18910
16016
15334
11454
2080
5176
8480
10648
16452
2472
3112
974
7530
18440
1630
5316
19676
8018
10312
18368
12918
19256
17276
3518
15682
15260
19606
19882
5294
9354
7038
12210
2806
6728
17588
8778
2462
17620
7288
6916
6198
3890
6316
15278
778
3812
15924
19158
8246
19406
19100
4738
17434
16544
7056
5064
5236
6754
6558
8200
19310
17728
13084
13326
14324
10348
19908
8488
12786
520
18050
822
12252
15512
16916
9958
7800
16082
5852
2314
11052
9692
8578
19704
4128
9104
12780
5434
3090
18596
11284
2668
13934
13706
6944
14908
8530
17700
18812
842
11244
14636
16980
2890
11108
11666
78
10434
1122
11774
19780
8668
13338
14410
8216
2740
6948
12910
9184
4802
12380
6626
15414
9060
11192
5174
8746
16932
13858
11272
13606
15434
2598
13692
6742
17456
10882
13630
9682
17724
18712
1396
12384
12456
10210
16076
12280
6752
13424
9938
8452
19934
11176
14328
1922
12458
13146
10036
13756
12914
18836
18314
7226
190
5038
16848
2636
1914
7892
1468
16156
12804
714
19142
5312
12930
5774
11634
12396
8022
1708
16524
19422
7000
16468
7796
76
12722
8670
268
7342
18750
6534
1852
9026
2944
2880
3214
17788
11456
15454
8130
772
16124
6578
9776
1154
8476
8222
6738
13768
3798
1704
11828
16962
7850
16054
11094
17442
16920
5188
3826
14954
18334
442
12430
10276
12446
17528
13674
264
6726
19320
6080
7494
6240
17016
14682
11932
12606
10966
11810
5400
15938
8932
10308
5336
17812
9840
3836
1000
10106
15930
260
9238
11676
8210
14932
1402
9190
11252
762
8436
16466
6772
13922
3008
2042
5994
19898
17010
14956
7044
18408
1332
19020
2434
9722
11378
2254
12106
3816
12990
15262
3402
5700
12148
1076
1276
12316
9544
18042
12428
3936
4062
1460
8824
7488
72
6064
17118
1530
16066
17274
8448
1850
8948
8014
9228
10012
16228
758
6844
2468
7866
118
3884
7930
4212
10592
310
17760
16284
14190
10550
10424
2386
10366
9064
17640
11680
9946
5510
42
14546
10540
13720
10898
15104
13796
7360
2734
4352
9542
10606
17590
12060
5742
554
1894
7280
10572
6406
14444
2366
14006
2486
3840
12744
7028
14670
8662
15364
2326
9610
17454
5094
5234
332
1456
11488
6348
9092
11484
17334
9224
4220
5114
17070
9432
3734
15942
16108
11636
18268
16
5870
3002
19906
968
6496
9576
19302
17902
16772
13766
7132
13124
17466
6122
2300
4734
15790
4340
19998
15456
16198
7528
7180
1718
4144
18254
19266
17156
5272
11368
9758
526
14652
15424
15210
13956
14732
17424
9472
7404
7290
6224
14706
9072
776
1644
4920
4082
4022
16194
15646
5686
5598
3332
15032
12318
13456
794
17832
2864
14816
1830
15548
1188
13822
5490
15416
1488
3124
15656
3852
5898
6178
7130
13998
19326
16424
3654
14758
13168
13292
18992
14554
3682
10020
15202
98
3992
1848
11330
6094
844
3062
16428
12206
5614
10226
13162
9500
4454
7828
3564
16240
16372
5610
19620
4908
2068
7862
9604
8568
4338
6380
5300
4422
4216
15874
6812
770
1212
10596
12610
2180
7162
3420
3066
11490
15440
10600
12050
19692
11974
18958
13990
4400
14920
4428
7608
9868
3958
9916
2750
3076
3938
3980
19546
17602
8950
12324
19382
11530
15622
15090
10058
6262
12524
1564
16742
15402
18114
14938
12190
6468
19896
6532
508
1072
15288
14744
16022
19852
14770
12084
10360
16856
3030
19686
16422
12976
3330
7446
14258
5726
11276
15978
18194
374
9158
15732
18944
16398
16348
7682
7548
6084
19292
15092
19518
3254
12028
14308
2902
4496
12656
14174
18416
18808
14176
19472
16494
4292
7576
13126
12258
17014
11788
14252
13216
17482
11320
8398
18146
2758
5580
9546
4590
5846
5226
6912
12866
15854
19730
13704
12070
7718
10120
9338
5308
6930
12116
14696
18516
13392
2804
3242
6260
7544
9068
14662
13702
11720
16006
12572
17496
5186
1230
7242
8332
17698
11154
6318
11830
4848
2182
4978
684
3712
19182
15240
120
8848
19030
13996
16002
7870
15200
14204
17864
12590
3204
6530
11624
6648
8422
1500
17830
18698
1648
17804
11576
18086
1170
14998
10162
828
11568
14788
14708
19746
11106
14500
1534
15344
5304
11646
1096
12066
7842
3610
14396
11786
16640
8242
18372
2778
13394
3172
13852
17184
798
2844
13110
18932
14578
13868
3196
7402
19700
2218
6146
3150
4234
16784
2282
12254
8290
1014
3458
17968
5608
17582
578
8654
10798
1778
13212
9410
18360
9630
7386
14836
670
7316
6662
15308
17664
7860
2784
674
1330
13128
6896
10562
15744
8858
11954
16882
7686
15470
1618
15776
14658
15392
5030
9918
16556
5826
7348
9616
3234
8726
4878
10066
8324
18634
13186
10406
614
6306
3574
7026
1686
18116
19808
11874
13272
8116
9124
12856
16446
4938
7326
18758
19812
12418
15520
16248
8850
16900
14654
9356
1860
13536
12364
14072
12178
12686
9734
15958
17884
17202
1086
4406
7514
5352
2202
10108
8916
15026
14356
2540
16238
11462
17576
954
15116
5046
13626
7534
11546
15684
1592
16122
17684
486
5088
12046
8702
17508
9202
14386
752
16482
18386
3016
604
7598
2672
3680
7490
6106
1768
5000
202
1152
10912
12468
14068
16814
16444
12638
8490
14540
8602
3902
12162
8300
16710
13330
19542
11130
536
3794
624
2310
2914
8936
7194
3324
19388
14782
15094
18178
9040
7602
13504
8304
7312
18892
11654
9724
15290
2730
18650
16388
6830
10858
434
2956
16046
15838
7110
5170
11678
12114
19424
7992
10888
13192
12502
16790
6670
13564
566
1290
1252
6034
768
7990
640
17380
3516
19526
1480
1254
1348
15468
17492
6278
13334
10062
10622
8326
4364
13366
19592
2266
448
10396
1040
10602
11990
10810
8784
5886
12092
6954
1234
16940
5738
19856
2946
7922
19270
754
15498
7840
15688
17140
5952
1654
17690
19814
16584
5402
4710
15496
9070
308
5920
13478
16846
1032
7656
10432
8076
5430
9634
19290
19538
19970
6536
576
5688
3704
7124
11948
12860
12182
9924
9352
6382
5620
15650
8294
2940
19742
16968
17498
7772
10862
12718
1588
9788
18566
3644
8926
658
3450
19034
1082
10706
16078
3210
15438
528
19160
6456
4822
4520
6980
2242
13776
10928
402
16306
7074
4334
3582
5374
2788
9534
4856
19534
13056
9276
9812
17212
2036
15192
5124
10750
9768
7926
9614
18500
17168
13400
19734
16454
11286
996
3466
4348
8898
9506
14610
6814
3590
18574
312
12472
12534
14316
1766
18312
15706
7716
6862
11532
12146
13492
11870
13688
2090
8208
11590
3176
2346
5872
4196
13258
304
7806
6652
2628
8522
3232
3966
11938
1498
14038
9152
19242
5120
12704
19044
7066
16106
4698
720
4998
17174
4664
13370
4368
16104
862
9664
15056
500
15592
8996
17944
14952
19684
17420
7118
14768
13978
9484
2374
13694
19632
6344
14960
1412
19466
8414
13782
1884
11766
17868
234
15500
5356
10764
12124
15810
1524
8856
1870
13074
14496
2268
7596
1562
16470
5744
2710
15324
15902
17452
2516
9050
12584
18694
4700
9786
18338
6200
4760
19514
4706
18296
766
6056
12450
8772
16644
7264
12442
15610
15524
1828
9770
13904
19804
3474
1942
16730
13500
7096
8524
4100
18966
3280
18422
7306
2002
16684
8634
14010
13032
3848
12602
3396
16568
12464
2726
19258
34
4740
5130
16312
1346
4964
11066
4986
19090
5036
7814
4570
4228
5364
2992
5632
16432
9188
2948
18776
5360
19308
14430
8030
5444
19454
4150
7918
9370
3886
10534
8342
6974
7282
4288
17248
1600
18174
9730
19824
5698
18906
13462
8816
2200
2404
17686
7546
3500
840
15132
14764
15580
13880
11772
878
9554
15282
18288
13556
10486
11292
1272
4518
1306
12714
14856
846
11986
7210
15734
888
9808
6276
15618
15806
7082
7068
7696
15848
4610
9002
4862
2822
7216
11316
11198
9806
15510
646
11896
9804
1422
19590
6856
5164
17414
18730
11736
17040
6130
13052
6230
17078
10688
12286
5830
17230
11076
13752
8450
3658
376
8750
3362
15180
2654
17178
12168
1326
3208
18754
11804
12646
9860
11534
11356
18904
10140
6162
16898
15298
13738
7072
5220
17526
1684
788
12734
9912
19342
16396
9834
14714
14458
1280
13030
11814
2164
8266
5572
1204
18224
2192
11050
6320
3118
9348
18972
5712
8846
18136
5526
12928
12290
1898
3894
13620
5770
8218
156
14680
8100
15900
8036
2560
11928
4812
17960
602
8590
12142
17478
18824
6466
32
4424
17770
8966
18796
10824
10802
6446
4468
11246
1902
8086
18680
2398
8390
5448
6540
706
16832
7582
4806
19316
11638
16646
4096
16260
2142
10820
7628
3292
5746
4794
8504
13698
9406
2970
8952
15632
12618
1004
12432
11310
3870
10922
4716
16648
6390
13206
9094
18788
15570
9384
2904
8408
138
12944
13190
15020
19764
17032
7080
15340
7032
2428
10714
3444
12508
13262
18532
16652
8978
15576
3152
6292
16362
12088
11418
9176
12938
19148
17516
3006
15136
18922
12372
8148
9832
13438
15598
7268
11556
10164
10402
3496
18692
6336
14152
14434
16634
11134
4536
15846
2582
12264
12038
18134
15802
2544
10220
16500
10218
15672
12022
18446
1598
4344
3920
7634
18518
17190
19820
11068
13836
3468
4126
8666
15868
2342
3146
6958
5736
12550
5486
18844
5488
470
416
8548
1160
7422
6884
4456
17630
17236
17552
14086
16520
2172
13850
6682
2176
11104
3098
6800
8818
8110
4258
8460
8442
13526
16474
404
13668
1328
12688
18756
12984
7572
6778
19398
17732
19010
10854
19958
10728
8636
5410
15266
1838
15106
14582
16440
9844
3068
9382
284
12988
4694
13842
17536
11904
1028
2130
19512
2416
8968
17060
13398
5480
18704
15360
16534
1542
6092
13422
14104
5658
3434
18340
1596
11476
16220
8844
18188
11400
8672
16100
15182
12892
3738
6668
19488
3308
2044
14588
8072
5838
17046
13808
8434
14926
12552
8804
14900
8882
4322
19068
8494
7258
4206
9416
298
15012
17260
8004
3170
13572
7322
9374
5178
682
2574
18592
9146
3498
9698
5612
5678
5274
8600
6366
15778
11958
14318
13488
5276
494
10874
10240
608
8318
38
19412
14780
10774
14678
16250
6504
16602
1018
8394
16698
8920
2098
17778
11890
1634
15554
5668
13322
14320
7308
16224
15540
8042
12332
9502
10988
1226
3548
9096
15036
10168
5478
1292
10044
302
6434
10768
18584
9848
6762
8074
18078
3494
19978
18666
3278
1910
16456
16436
7496
18488
3250
19222
6696
9046
9014
4680
5896
444
18700
2336
14738
2292
18656
11278
5916
16152
17568
3572
18990
19874
14962
9608
964
17654
17638
4718
11878
11548
14660
2330
7566
7012
3692
18426
12394
14690
9714
16666
10388
19968
11486
12662
1310
4470
8682
19372
6410
3968
15088
8366
8468
16488
11264
4930
5556
15082
1158
12108
14974
7612
9442
11872
1016
15616
10790
17432
942
6544
1780
4044
3550
9862
14936
19642
9134
7802
18020
13628
8288
176
8412
5910
16546
17394
6554
1246
8904
4942
17204
10464
2306
14438
1772
10102
4992
10660
17072
14566
7856
408
3074
10852
902
10172
13018
19816
1196
8706
18430
14596
10090
19828
13646
5438
11120
6920
19278
15614
18856
816
10682
2328
5248
9626
6880
5506
638
2284
8944
1668
17790
1908
6216
17854
6640
894
14674
1260
19916
10042
3828
14976
18190
13506
16894
14222
10420
9444
9042
14484
8528
3038
17544
1038
17006
13846
9408
13100
11822
9368
760
6370
3114
13416
12582
7302
16074
13344
11078
242
1268
10362
6028
9752
10844
9100
8956
11448
152
8990
5004
11336
4896
9300
19992
7982
12702
18316
4412
9822
11202
7054
15230
192
16750
13268
7998
5338
16948
16492
13362
12790
7144
19432
4306
10806
8426
1496
5674
17874
4374
9164
9324
11182
1108
10974
13336
642
11112
19002
18642
8542
16138
9592
19540
8272
14796
2244
4618
13346
1066
14196
5032
14052
594
12522
12728
9782
7390
10344
3834
19264
1806
3158
1526
9656
19344
6606
9728
10262
11260
5968
1068
13644
3056
9742
17840
12960
15294
16032
18196
6308
14988
1132
13542
10578
3566
15644
2648
4774
6702
1092
9942
14366
2136
3168
14262
18138
12942
8068
10616
3872
6432
14602
13022
13580
14024
16792
3562
13154
7936
5892
2876
9194
1508
8066
934
11538
552
14592
468
7510
1642
13636
5318
4046
18336
18264
9054
18468
350
7688
9794
12956
2436
1358
6790
18390
3822
3312
12494
9318
7138
18036
16110
6362
6602
14000
730
10586
1818
8420
13496
12174
9310
1256
19086
5560
13820
8352
15350
19444
4184
160
6160
6666
3128
5928
13240
11022
9816
17044
2364
7062
6168
14858
9008
18128
4548
17440
3360
3190
7938
12284
10356
19892
4550
18964
6232
19450
3722
16364
18760
15152
12300
6378
7914
13624
4332
19552
9968
3504
13826
9028
18802
18170
178
1622
680
6506
19194
384
522
28
2362
5702
11884
16864
11840
4872
12024
2050
13712
5458
9006
1604
16346
13558
14234
6002
4728
17356
17280
2770
17604
2272
8862
17162
19172
19318
2106
12342
15492
12836
10786
17374
18572
10082
4088
11346
19446
10826
11024
4674
17880
10194
16802
13360
16718
892
12808
2826
7970
6984
3882
8696
13798
14664
5224
2358
11424
19596
8364
17978
18840
6520
9952
7284
13132
10288
1236
392
11936
6824
18362
3952
14916
290
4968
8458
1314
10450
4452
1206
6014
12732
12214
2134
16806
19616
1700
11290
198
504
6892
4892
8078
2606
6614
2900
11060
18570
948
2430
4604
11240
17572
420
19976
9710
17530
10582
14464
1678
4168
16678
300
4418
11170
11740
18920
2840
14154
8206
18834
7156
9962
9296
9358
12128
18106
13348
18874
17096
7076
4972
3404
10590
9914
15572
5200
16296
6300
18072
15352
2704
4830
13824
1464
8278
4678
6698
9390
19690
13952
19618
19186
4392
5280
8052
738
370
5500
16404
394
14460
19240
18242
18522
4566
12620
18744
18058
3438
2348
7184
3326
9168
9056
5906
16340
11014
4222
10924
19380
15952
15578
12186
2112
11834
4280
9748
334
6132
18614
932
13740
746
6632
4990
8124
16680
4860
14160
17104
1274
12202
6324
15742
240
6510
9328
13600
6480
19940
18956
16126
1438
10484
314
9882
1518
7500
19718
8432
4170
14456
4894
19784
18330
4556
5450
14340
15528
5980
7908
18962
12336
8338
15372
17136
7238
9658
13856
11560
15860
15208
19974
9364
6780
18826
8492
18552
14214
14112
7006
11288
15784
12474
3770
12940
16354
10994
18530
6154
5558
988
3928
9930
13544
8700
5010
9320
13664
5138
9492
12908
8502
11238
17346
13594
3428
1516
14488
8912
19016
13044
5592
18034
14268
9486
19130
13818
13900
5828
7112
19762
12014
18318
13108
10864
1080
2360
10796
9716
15996
15076
8020
10794
11250
19458
10830
10626
14066
16966
10292
12192
2534
11000
15724
6254
10184
10712
14136
11298
8378
7380
6502
6124
1250
13220
2580
5168
10904
5820
19770
18938
18546
9636
17672
2670
17898
7262
19074
11688
1736
1510
14392
10002
1052
1966
17548
9004
14032
18014
11730
1322
2378
13278
9772
15774
18346
14028
5664
17100
3860
10526
6960
14848
14400
13696
18690
17704
12460
19198
19018
15326
5908
3478
4744
2294
13266
12452
2754
3306
1544
5778
11004
14240
2510
2224
1864
1638
2388
6526
10516
112
4490
1308
4404
6170
14746
12764
18986
6478
16204
2262
7388
1382
15844
5880
7452
17826
228
6212
14700
19972
16414
9702
18038
13778
18210
18152
14722
5988
18162
16702
1944
10856
15606
19138
17030
19238
12408
17774
7878
4080
4298
9578
9802
17228
19914
19774
11842
4516
10986
8532
17338
13604
13502
13358
13028
13224
15234
9404
3586
4644
17644
12144
7200
9874
5050
18652
7976
15652
10836
5538
13574
18778
13078
15442
4594
14898
1344
9038
12170
15314
12900
5772
6442
1990
6086
11802
4764
2556
19622
2352
1162
700
13082
18054
18302
11808
1974
7400
8142
19464
17712
14036
11092
16662
13420
5754
10544
122
590
18928
5890
9750
19268
4156
11458
2706
3782
1956
1342
8406
9976
17952
11980
5286
1150
12544
9568
16192
14122
12234
19088
1938
2684
13174
18616
18786
5966
9640
2870
8894
18184
15126
1782
6654
16476
3598
4448
2464
7018
16084
17688
13288
2538
7428
3226
17304
1036
19666
12642
13616
17326
12576
13828
6816
610
19550
11836
2856
6584
4002
11010
15138
3808
6096
5024
19140
800
18542
10564
2482
15146
2178
6840
2206
11778
15624
18418
10982
2150
16748
5484
19208
19356
7440
8826
7232
4248
3036
944
13410
18104
938
4614
16636
3122
8982
5078
4670
9258
3010
114
19196
16628
7592
6026
16696
540
15880
19564
9814
18458
3390
13310
15480
7436
11570
690
864
918
19910
17486
5468
2850
5764
17398
6032
14536
5836
4486
294
18794
7474
5380
164
16658
9528
5786
11602
15488
19588
3058
8718
18884
9392
16020
5110
7470
2642
14734
11168
16778
3164
2442
2554
7852
5504
11234
19032
12340
12362
9196
12326
18276
17720
6156
7164
17400
6158
5068
13730
3646
9400
5012
13414
12510
11392
1980
11036
356
2376
10906
16858
18448
7706
18102
16290
12096
9774
15626
3526
12846
7532
8144
2612
9530
15522
5388
19294
7996
2886
18886
2978
18186
1948
2052
6046
7720
11080
19570
10190
11096
3344
7812
9984
15730
14454
5956
16570
5844
4442
5392
2872
5570
7700
8680
11940
4098
17426
11782
488
3606
564
8618
18828
3400
2958
7924
1384
7946
8800
10176
12216
8060
10784
14098
13946
14492
19274
1380
9960
7458
12360
8638
13954
14720
18250
13464
10818
1064
150
17734
17912
14754
3790
19720
8400
7780
14310
4036
12816
6560
1410
15990
7016
4634
18100
14794
17624
14622
4886
7662
10078
3672
18064
16190
12882
11270
16176
4372
722
13332
898
16822
4686
18460
8500
17336
19378
10636
1104
4200
7008
5704
11110
17048
106
9022
15686
1706
17362
13660
6988
11702
18868
8212
16480
14094
16496
16576
7694
10412
1702
3524
18454
10126
6266
13014
17120
2424
15130
2920
11464
12390
7640
19668
1982
17232
15134
4318
6396
11514
13196
8940
14026
17626
716
5290
19306
15702
2148
18218
13090
5250
13750
15998
17370
15664
96
18126
9208
7196
586
7524
16012
6900
6256
8802
10200
1888
14210
19332
17146
5082
15304
18890
12792
10518
19076
2384
6136
2688
11126
18968
11144
6716
2114
10944
1450
18230
1590
8430
1568
13166
572
5222
16606
18354
19576
12660
17062
19408
10508
12658
8970
14846
14620
6314
12018
17472
2724
16998
17848
16026
6228
7010
15374
16324
9736
19396
876
16960
17090
6364
2964
4010
11428
15426
1896
15034
7670
14584
8438
7482
16328
13614
7692
4502
18420
5474
88
10778
672
15830
8686
10792
11584
11026
19660
5926
14408
8556
10914
3436
17662
7382
16974
3784
6932
14912
3510
17042
4356
8954
6730
5536
882
18724
5466
6624
10022
19722
11084
9466
15970
14062
14766
8796
7520
8622
13780
14436
6514
19712
1924
1824
11524
3082
15814
19036
3530
5406
3276
13134
14004
582
10762
14412
14012
19688
1972
7220
10536
19340
2608
7652
12478
3482
16472
12788
2744
14070
11554
9210
7498
19924
8444
13418
18722
1664
17608
2018
10690
9622
3838
17318
14432
17488
17592
12812
2566
18140
13658
6448
5634
1366
15058
7286
1552
14074
12554
13682
18806
8382
18762
9836
19584
7414
10548
16434
19928
14264
15564
11044
5296
14860
16234
17894
13448
14206
7552
5090
19766
7148
18024
9452
11212
10468
3522
5166
12864
8192
17412
10938
3252
12568
8694
10920
16236
10860
19162
13432
7444
560
7504
7894
12654
4316
13106
15046
1976
11598
10250
1126
18056
14632
1744
2652
17766
7478
1752
4640
16264
1442
12138
13374
15716
14934
17082
11944
10060
15474
15086
6190
10872
13280
928
6996
2564
18344
3490
8058
13042
4736
11020
1356
1156
12518
2392
17560
11178
116
5362
1388
13298
9274
17926
15944
8610
512
16162
18286
2550
6194
12330
1720
14804
8674
1316
8552
16270
17538
13784
12986
13764
13148
5618
3290
18538
18048
972
5062
14448
5630
3546
7116
2084
14244
1136
5622
11668
17114
18768
17730
6804
11344
17194
14486
13350
18752
12730
9754
13098
15100
11402
10804
6404
19146
6542
11672
19104
1878
15648
14148
5446
9884
2368
386
11100
1106
15370
100
1826
19980
70
7328
8988
6594
11384
17542
19348
19362
3720
17878
11062
2934
8838
11496
6040
18306
17036
4562
17224
288
3160
1748
16532
14442
14188
16770
5682
17990
9598
14194
4612
3044
13516
3260
6826
6872
10300
5142
17216
1788
5722
14292
6066
4772
10026
15982
10246
7378
11826
3200
6042
10146
3918
19662
15356
3092
14808
12334
14030
6574
6538
13656
16798
8424
18182
15140
15974
18090
19990
17906
6966
3130
10490
14552
17856
4346
13176
16762
4268
360
16498
14778
16692
10676
10866
1696
7522
16140
11684
10814
19440
13718
13652
10174
6102
17316
19006
9236
13002
10198
14812
8852
10506
11934
16782
12530
2626
19790
11258
16704
10674
16972
3032
18588
440
16824
15002
4194
18428
10956
8316
15184
6680
8062
18004
9036
17148
3690
13006
4672
2696
8734
15476
3542
8320
9330
17406
18282
15608
2296
1548
11362
16600
456
11704
13228
2664
8930
5184
11606
10302
17980
18696
5792
5456
17024
10092
5502
6062
12824
1962
16196
9424
4042
8620
5196
5858
14576
15162
8692
11544
16884
10670
16262
14828
2882
15538
7462
18380
92
8562
4676
2764
2570
1670
13378
15460
110
10696
8612
13188
17094
18026
16174
8792
6768
9078
3376
8986
3634
7626
16796
8344
5930
718
15122
5322
2874
1474
16564
1958
1340
17806
4376
5814
17112
2718
6420
16144
16114
3506
5100
7912
10542
13306
12078
11784
19112
10494
6700
13444
5824
18640
16536
19636
15550
1482
16906
14406
16098
17160
5762
15756
4438
19390
8198
17210
14172
6770
18150
10208
2234
12136
11610
14810
5534
17646
3844
17192
13968
11274
14626
3608
16392
16184
19638
6706
9560
17428
10746
9302
19994
1354
8158
6704
14402
19614
4358
19314
5934
16554
8938
12296
8170
1930
2736
9426
16128
6304
450
19902
17246
16058
13878
18052
6914
19296
13218
7420
12222
17092
5544
2912
8736
8812
19894
5802
9974
10952
11650
5426
1182
4708
16410
12194
9268
12772
19840
14216
18124
6444
4626
7344
2160
8650
14888
544
9322
11952
7516
11960
11716
9434
6922
12612
18370
5210
18166
17658
872
2032
10816
14548
4620
5520
12564
1224
10136
13274
11790
13962
1048
5282
7678
10422
18648
17238
18912
11670
222
10780
11612
16950
600
802
19850
742
12348
6250
6412
3270
4732
8598
9966
1532
16752
13356
12668
10940
7562
19056
14712
16944
3774
644
4140
16574
6688
7854
4008
6386
13040
1238
5992
17666
6846
3560
5440
16964
6516
10950
13158
14606
6372
2536
15886
3708
3804
11042
18432
13830
19890
14096
17796
13586
12212
10942
15030
9198
11206
18018
13408
10744
3460
9572
2962
12480
10488
11450
4284
19516
3182
6208
6732
11690
16738
5594
18350
10152
2344
14930
13546
5270
9558
6476
10426
12720
1786
12672
18950
5654
342
15566
10414
9518
14676
1266
244
5346
2732
6964
2818
12876
14008
1578
390
18006
14208
13286
14590
16484
11902
19644
4314
16638
8652
18294
8572
336
10286
11708
1138
7492
18804
2798
18164
15856
7560
10410
5936
19040
12426
15800
1318
6850
3154
14390
102
4906
532
19528
15960
19506
14142
11622
3216
19876
5452
19334
16094
15568
13376
9144
2060
1770
12122
9090
9178
7064
16670
1874
16062
15812
8194
13810
2502
20
13988
18798
9998
6334
19232
15808
9132
8112
18706
18536
11128
1632
5208
8728
9098
7434
14644
16726
11478
13806
18684
9520
18084
9628
2100
2514
14944
8830
7466
16886
13440
10212
11592
2658
15780
10056
7244
9516
7958
9420
9720
17056
4834
9128
9456
9660
3594
9082
16676
17946
17038
7182
6340
6358
3636
9876
12884
14884
5782
1992
16400
15602
6734
3684
5600
4464
14702
11552
1060
7616
10160
8584
1184
14260
12708
10248
8386
7020
8892
8012
19652
14446
11318
10812
18260
6564
6936
3726
18984
2810
6612
12008
2422
10256
19226
2694
6986
3186
5648
1218
4480
17170
13700
7690
1968
13328
19522
11034
17970
6562
18274
2714
8632
15408
5056
2808
14688
10604
10004
7604
4060
8254
3334
5982
17206
12694
15390
13844
13864
4544
5574
14604
1916
19026
13284
10608
14108
4018
8510
14544
506
12566
7236
19134
10258
9852
12840
16686
17616
17402
17436
3314
17524
16120
13060
1726
1610
4068
19418
3698
5042
14726
9496
8774
17288
16982
10552
9378
10390
5348
2396
8770
15258
14862
6692
11652
2092
18902
1572
12964
14180
18304
200
18600
15074
10340
208
3034
14786
2488
6982
10964
698
1090
1978
6022
14990
6836
13296
3514
4118
17214
14866
17286
10704
12532
16378
11438
17678
4012
8024
16288
13562
6030
908
12440
1190
224
1840
1242
13522
2260
2910
12272
7618
14462
18610
12420
9304
18544
9826
11644
1406
8008
5198
9226
3628
7642
4086
15926
5144
10868
13142
4310
7318
2186
4720
10530
8752
790
3972
12540
17008
5398
1550
16382
3086
7810
19574
984
1660
10514
9648
11968
16254
5850
16876
15236
11956
12154
13010
11408
18012
740
632
550
6848
12448
15242
7646
17054
2420
15552
16786
15906
6722
16830
10702
5408
3750
10328
17940
17218
5974
13854
8798
11406
7106
16216
10656
13226
10158
7966
3372
18358
4752
17890
8322
15264
3766
732
12246
2338
11844
19050
17888
8908
15876
15226
10370
15102
10086
16850
19920
16218
16558
14092
19830
11886
6658
1050
11600
9878
5866
3806
11072
14556
18208
9920
19922
3116
19204
13096
16836
17270
13254
14466
514
12358
17382
2340
15604
13834
2312
9956
16182
6264
10046
4104
9282
712
3244
6038
11656
13680
16370
622
8416
19810
16212
15166
19944
292
13814
10908
970
18270
11824
16430
15818
14946
7846
14534
6350
7192
13234
12902
11754
8092
764
14514
6424
14800
19354
1370
676
16112
14838
9594
14110
10368
6882
6764
3592
16672
18206
3088
12536
7740
7738
14942
10472
12410
1626
1030
4396
5554
2138
10934
15766
8628
5748
3414
18726
3974
12042
19986
19664
1176
18226
10916
10900
6174
1486
18342
5092
12538
18540
2646
17928
4668
2888
15306
10574
13066
4094
2506
19064
1054
14826
14728
19580
9086
7950
2288
5258
16386
9550
16326
15758
19740
7172
13468
15418
17302
5126
9450
17714
6460
12700
14478
708
18168
8044
15692
8860
9230
14748
6302
10936
10072
6866
1270
16130
3430
6806
16316
17504
6518
18960
10828
1954
17628
5376
13138
18898
12204
18974
490
14440
2102
18850
10968
12498
12120
13324
6522
372
7732
16586
1602
7580
1070
2656
18766
4328
1124
16626
15852
4940
17850
13744
15154
3106
2794
8156
422
11452
2006
13380
4658
6874
4110
6596
19612
4824
12946
9252
6402
12026
9250
1574
7648
14332
9548
2846
4688
7588
9110
17842
5878
8756
19386
920
2122
11682
12068
17342
2094
18252
660
5964
15822
18888
18300
9536
12366
3874
5132
16256
12762
9402
3624
16820
15276
15678
16610
13612
3220
14716
9928
17932
12058
5750
9858
9668
44
10962
12996
3300
8478
7734
18478
18266
16142
17800
13300
10522
17784
3984
9624
18848
15330
14896
9880
12200
3298
16624
9428
8514
2814
14984
3772
19594
18528
14416
6180
15316
10970
19964
17758
19284
17134
5596
7838
5690
7218
1006
4508
9992
8724
6876
12758
11900
12862
17972
1214
11116
140
8370
13242
3856
7880
4070
16278
18438
4976
19866
728
12806
4804
17836
11898
1056
10720
158
12948
6070
8690
5386
15164
11964
3642
5154
14058
10666
8582
17106
17164
530
13368
36
18392
8016
16630
19394
7034
12562
15348
11152
142
13004
7394
6484
11706
11008
18098
5832
4350
2552
17838
8712
11348
1202
14520
3748
6384
10782
10496
18022
17756
11972
15736
18198
838
11466
8540
13866
9990
4870
16042
13960
3166
13640
17930
10054
18624
12748
18728
16594
5332
12368
13924
10492
2746
9980
16350
15238
14170
11596
17882
7702
13172
6244
9454
13910
3702
4884
2838
17308
5052
6164
19854
13308
18790
6684
1320
1194
17130
18764
1210
1144
14818
1288
16314
3480
11620
2748
1844
9298
14280
3614
3202
4586
12198
400
18970
2854
7052
4900
4596
60
11506
3946
1764
10554
8512
7298
1808
7336
12614
13914
10282
14894
5022
17810
4084
786
17896
17916
5246
630
10132
13686
12896
14958
14118
19626
3656
19062
2020
2316
8546
14792
6310
154
19826
702
7766
6114
7158
230
13490
652
1174
12924
15084
1140
19930
12950
3912
10014
18504
5528
3020
1166
14054
8270
538
5732
8790
15382
11322
168
8630
17290
18492
826
13396
11540
19336
8588
16516
14772
17258
4354
1794
17736
2596
7166
10214
18142
19448
13554
3664
866
3336
12208
2676
5576
15224
2954
5292
19098
18298
16908
6126
6294
10510
10358
1988
15584
4414
10462
1576
14736
5564
4272
14472
16740
1522
2834
9994
19060
19164
17570
19752
4090
3978
5922
13976
19028
12674
1394
12626
16990
7248
7364
8176
8780
16720
7834
5396
7160
12062
15908
14480
6258
17020
1528
5938
6906
6586
7320
7356
8466
18738
5730
4294
9148
13770
6248
4538
3730
12868
15842
6166
910
3982
2258
9480
7714
3674
15690
3342
10732
3986
13654
10150
1556
5414
15362
8404
11314
744
13902
2480
64
4816
598
4750
6570
16732
8080
6024
9362
11998
15700
17594
11396
4606
19202
4646
12476
8268
3484
7508
6580
9570
8832
12242
15098
252
18130
14186
6556
19414
19004
5256
2994
18324
1476
8172
8346
446
886
4844
18736
15770
19884
10252
7578
9388
11722
6818
16510
396
1448
7684
12094
3752
10456
18502
16632
11564
12922
5460
4578
8186
15482
16682
6718
266
18120
11604
3534
8644
12926
19042
19174
250
15992
15270
9828
10332
16618
9798
18916
1612
3018
5672
756
4434
11910
13964
13732
14346
3406
1008
4242
7100
1186
584
3776
5344
4776
6072
3820
9504
15590
17004
19322
10202
13948
162
16366
2832
3554
17360
4244
5860
18508
16530
15432
13860
7764
11504
7270
17396
5350
15878
750
17862
14382
4436
4320
4130
18212
16402
364
5006
16826
11510
11760
14518
6088
13484
1100
16268
12184
5784
4914
13812
650
4076
10570
17782
10476
10178
10098
5724
15502
15000
8000
14298
13906
3384
2030
18626
9746
13848
12130
18732
19966
18622
7472
13662
18740
3328
11214
7620
17142
10182
1650
9140
19530
13932
3296
2026
4918
12676
6636
13214
5996
10444
6494
13184
10992
12920
4778
276
10684
6274
4768
7672
6820
10470
12716
2120
15728
10236
15832
11430
6054
10304
14304
14100
8258
6656
5018
14972
14294
15404
4650
3754
14420
11302
418
17876
2692
10338
4780
662
1164
17520
17706
11868
10428
16808
17910
14964
13980
10756
16596
11712
13354
46
8090
9422
12406
4996
6616
12462
5072
6352
16426
6268
1258
16834
1128
1312
10430
16154
13512
16034
2590
5204
18858
9156
82
8102
18894
16804
16620
4122
11698
15256
8252
6430
1112
14776
18560
11558
12378
18498
15170
734
10130
5162
7972
8684
14762
19282
4030
7818
14580
8560
6128
15534
3960
6942
976
9674
8878
2618
19402
3448
17834
13534
1478
1098
17580
6572
17920
13874
14192
2500
19220
4560
6646
13708
12470
18688
10404
13482
9170
13318
16970
10634
11226
2576
13622
19950
5026
10170
2916
14388
6322
654
15038
16210
16866
12826
13926
1454
14048
6708
11468
18590
17058
3084
19936
5118
9566
17798
6356
13710
1836
14286
17330
7614
15254
19066
18662
14724
3078
18632
5808
4182
3452
9048
12404
15008
10122
17744
10118
13746
9150
4386
10018
8274
10524
19988
6898
1400
3042
8040
3246
16650
4836
16818
5766
6904
1750
10832
5756
814
18900
10520
48
8334
14182
18594
14468
8732
3700
19008
5508
2410
16538
3758
9888
13930
6452
15216
19510
9646
19366
16852
5676
3386
930
13634
7708
4204
9756
4048
3162
3688
19084
16946
4682
13442
12310
2204
16986
15204
10260
1900
66
1832
6470
2922
11480
10266
17404
9316
6016
3340
1334
8896
3418
1074
14358
18822
618
16136
14376
9538
16656
19648
18222
7408
8558
7206
18734
7750
17556
7168
13994
4592
12238
18214
8368
4176
9280
1952
5394
15738
9666
13648
11848
10654
19120
19708
2426
13632
4388
17012
13872
18952
14428
16712
4460
1232
12282
8202
14226
6438
12710
2996
16000
1504
8250
8768
4832
6354
9292
12594
9076
14202
9490
16458
3934
17622
398
12736
10306
7674
5084
1010
9562
19822
17660
10386
1350
3446
16384
9154
6976
19796
8280
17392
4846
172
4476
14948
2324
10076
14784
5578
16208
10930
6120
1554
808
16272
3410
12032
3316
8656
2768
11208
7278
19880
13384
19210
2984
6994
19200
11268
15014
8038
9680
18870
9440
7296
6832
9800
16406
17814
14470
8580
19456
18630
14228
11518
16934
12376
11694
10032
19724
5882
6784
9600
14056
6908
6298
16008
2278
1514
9032
4270
11700
2078
5842
13566
18122
1994
3348
1368
4876
17064
16092
10772
992
13590
11482
596
6458
5160
15888
8738
22
5562
962
4402
17446
11142
16706
15636
19462
2174
4230
9106
16954
13402
1790
1502
412
9762
5242
15312
9142
19532
2894
13136
7898
9892
12276
14508
2562
472
18376
704
7744
5720
6
19420
4866
4032
5148
5416
10320
1742
14270
4210
10808
9582
11792
5646
9018
7376
9596
18040
4904
13690
2478
2884
9476
3802
6098
13570
15464
10926
6116
12742
10322
15782
4472
15218
6676
4874
148
11296
1020
11308
12064
13804
16320
13982
8262
3408
18520
13020
12244
6290
11184
13182
17818
16560
13316
18718
16936
18654
5796
7418
6528
780
17636
13588
10112
2082
18746
9996
11124
1058
11908
5734
1462
1386
1012
2140
4934
6142
19918
11228
9206
15726
5834
13086
10652
17958
4390
9842
5912
1200
7704
2816
5946
8462
8740
18924
13474
2490
4922
6788
13918
19598
16088
4482
4534
146
19364
14330
16036
1046
19608
6428
10734
188
2604
4224
7176
19726
1628
5918
8428
15796
5498
8340
9278
2356
15068
18620
11588
6440
8854
18820
16200
2578
10546
11354
3370
1278
5378
3440
19554
15940
8256
15112
3368
3626
7126
15772
344
15150
5660
9262
13618
13942
1390
3256
7550
15920
3964
13528
16318
9856
18978
17918
9760
12874
916
4362
16418
10350
14232
804
16336
4882
15750
8354
13748
678
7114
18068
16252
11742
16756
15722
17754
17708
17500
7594
7104
17066
482
12828
11190
18774
7212
4226
13412
19492
1216
12
10558
10632
19782
3236
6100
3638
998
14992
4004
12724
18748
7994
19280
11858
2156
1662
13510
15478
19776
12980
19288
14370
6628
19486
6690
19778
16292
4238
11658
9186
9200
8808
17252
18832
11364
18720
8166
11664
9376
18456
18636
11394
7600
7782
18484
7988
7136
17410
16588
13034
16922
13112
16298
11626
5662
316
19124
3144
10296
12680
7294
6082
4944
14156
9204
19548
17768
11306
16068
19092
5122
1324
10268
4450
782
17562
7412
13598
12224
4300
14022
18896
1360
11006
15666
18400
19180
5788
18860
10352
574
13518
16764
19126
14212
15956
8098
17606
9062
8872
10932
14634
19272
8314
16420
248
7888
11764
12350
5568
3580
17408
11158
14558
16562
19836
8958
3556
10694
8664
16374
9386
8614
9986
8972
11846
8980
710
5268
7198
7526
17956
14598
922
19046
18308
1606
4820
10204
414
18118
3930
1026
50
11930
7986
8396
7876
16266
12322
14306
18172
8244
11334
8260
16352
8742
5014
18444
3050
11146
4056
10512
7940
3998
14872
19136
11906
2952
15064
5666
10074
10034
1672
4380
12912
13670
13290
5976
18262
12328
12832
4154
19756
7980
4252
8934
6050
2230
7424
9242
3248
4704
13602
16810
6172
15966
2866
1876
15712
7442
11018
1420
17108
9902
14574
1776
8190
19872
5960
6644
7542
19244
5494
464
7332
2686
15232
12738
2038
13404
8806
16788
1842
6798
10886
13916
17762
8230
1846
10610
13264
12776
18702
5008
19250
1656
3632
322
17752
11374
14906
9214
5854
19054
12434
5112
15010
10010
4554
4648
11386
6552
9172
958
7178
17172
13312
11738
14918
3846
11280
7506
9192
14278
16674
7464
17648
19786
11236
14878
16598
14834
7450
6822
6252
2532
18002
5334
10024
16508
2600
7610
11086
11204
18356
11232
12706
17022
4924
14250
5074
430
7486
15946
694
4266
6426
8164
11880
6956
10960
4256
5288
4474
7882
11866
16368
17974
4052
17242
8136
13026
2528
10442
15062
18772
19166
17514
4028
14296
18176
18930
18388
19218
306
6972
11164
2058
15674
16694
12298
4014
0
11726
6450
19214
7728
15698
10842
1458
12072
12492
7060
16888
12048
19942
13728
14494
6548
182
4854
3904
11118
12958
12784
1198
9396
16506
9182
5696
7240
1856
13974
2632
2066
3132
13450
1886
226
15198
8048
19168
10206
278
6118
6112
1192
8348
18878
10440
16390
7978
2786
15714
1374
12548
6796
14638
15794
8054
6020
18526
11512
5924
14600
11248
16874
11426
18770
6394
13638
3218
2276
4726
4304
5310
10976
6008
3710
11186
338
436
10040
11046
17292
978
1912
5818
19646
15358
14138
3666
15422
16376
2298
366
11962
1754
4988
14914
11642
7830
9458
15328
19508
18202
3996
12398
11216
13232
11032
17612
19904
7354
15556
14404
2454
5512
12140
9116
3544
10594
4488
8710
15196
3046
17366
12344
13150
15984
15212
4660
12098
17676
4714
5190
5628
18994
3892
2520
9306
8984
6576
14076
14750
3926
18852
2412
196
19410
12102
14084
12608
2998
4902
15338
3970
4324
2184
3622
3350
17694
14322
7272
14378
14140
8688
3358
2446
18320
7426
1694
16926
19428
3228
4064
19324
9908
14650
8330
13210
3942
6108
14710
132
11988
18132
11398
17182
15450
11562
7480
4814
7042
14832
13068
7788
3464
5948
12586
11796
14380
4960
7590
18742
19654
2842
2820
18258
9024
9650
16050
18292
18008
14106
19430
12640
15934
2012
1762
13076
16590
634
9894
12936
6550
17176
18658
1774
2158
13114
18494
19358
380
5116
3100
8050
5020
2666
5752
17250
2320
17674
14088
9052
6870
3366
9360
17610
4722
2504
8070
204
15516
10698
6842
378
2492
15954
15948
11150
4818
8362
8534
13966
11098
15228
1722
14014
12558
12034
4970
5182
956
3188
5798
13524
2662
9232
7484
19128
4330
14248
17692
3180
16774
6472
3442
912
19122
4500
13294
856
12438
9460
17102
19498
16942
12834
3148
4116
320
17262
8002
18236
10958
15640
12622
15142
8782
19800
3864
11162
17988
19524
4382
14490
4142
13882
11416
13722
11040
4730
8704
5812
11132
12320
2022
7864
588
5864
15704
19504
4232
8376
16862
5390
16202
8754
7984
12496
620
9910
5856
17002
15560
1546
7396
11966
14368
9254
11442
858
18232
15662
7790
9796
7776
3432
4526
16168
7146
19962
16518
16056
15594
19150
9688
4954
2960
15768
478
12690
7858
2152
5044
15300
3470
19434
4416
16070
17144
5262
19610
498
18674
3676
13520
5252
4444
10870
17340
2678
16794
17948
14940
14876
1784
12000
1436
16902
12352
950
7120
13578
16360
12152
15292
2602
14120
5358
14668
2830
10638
8180
3900
19230
5800
2802
11194
9964
18158
18988
11074
9160
2240
2682
1244
7090
2286
9000
19672
12164
10192
16358
12004
7748
12454
13560
9982
1434
556
6246
15668
16736
8660
5150
3520
14146
18618
6218
12488
10438
17670
17518
4790
3288
10946
4546
7202
3134
4766
14344
3258
2074
14422
17716
7722
13548
8722
19848
1426
12746
9934
130
4190
17522
4540
17776
12126
3456
6858
166
14282
2466
19954
1940
15762
5108
12400
7948
16540
17656
15494
10894
7742
4946
9332
3108
8570
14078
7204
4020
18154
8162
19984
8138
15016
12392
3616
19254
13672
18378
6282
15168
19484
12490
1946
2928
4756
10294
6946
14064
12666
346
11342
8106
9344
4624
18940
990
6938
5066
2638
6566
13992
10446
12578
13016
9312
2496
19478
16642
7186
14426
11798
13958
9220
18076
318
6152
19246
16442
19012
6286
1732
9102
18982
19716
15628
15836
2126
17554
9988
7438
3786
7310
1936
17198
11242
19772
17430
15018
5780
7896
1584
19096
1102
850
17266
11864
12968
14830
4786
2432
4186
11812
15120
7150
16310
6486
6610
4114
19078
19216
17586
17240
13532
9212
8924
5716
6618
18582
13584
10216
9010
12056
19560
4040
9950
5542
10776
656
11358
8006
15302
16412
54
6422
16918
14550
86
18664
19328
18668
2154
7512
5550
11582
6622
12248
406
15710
4408
5540
18948
15964
4742
12848
6686
3284
11946
1822
19474
104
2624
2302
19346
13342
16214
2712
1802
18348
7792
14218
18032
5810
6776
9162
17792
12086
5180
19384
9522
2170
4050
2408
7760
17322
4264
11750
2124
18010
4138
8372
19000
7904
17256
11572
18280
4164
6748
6808
9564
15060
18628
9464
18976
8174
1882
7190
6226
4932
5096
2588
14384
16896
17550
12044
330
18862
1620
6736
12526
4788
18180
13000
16724
2790
10482
18290
2796
14352
9712
5984
15336
4092
18434
17904
8828
9290
13050
19806
14814
2752
10048
3552
5758
16582
