1004
1740
328
1540
1572
1888
1124
1640
876
656
1444
394
942
146
72
1830
1492
1586
634
990
542
598
118
430
696
1748
418
1898
1986
1286
442
1776
416
1506
1216
278
1980
1142
926
624
548
1054
1680
1072
680
1660
630
1982
124
1728
136
1210
1348
1584
284
834
692
176
1664
64
1180
1548
244
874
894
932
1638
1958
158
726
300
326
1334
1938
1302
138
988
1932
1904
740
50
890
702
144
1370
1644
12
1296
314
1842
1264
1164
1394
262
1630
372
1058
54
730
694
1274
944
1838
980
1226
540
1880
400
1128
1872
1146
1470
342
1804
1068
432
706
214
1920
1798
1496
1458
1918
180
448
4
1552
1700
700
272
1184
1536
522
1668
610
0
544
1782
1136
1224
112
2
664
1094
252
1698
1414
1092
42
1002
1172
654
1250
898
662
1546
1100
1116
568
870
354
1998
1016
716
724
794
1892
14
1788
738
424
1320
1854
836
792
142
352
1678
976
760
1114
1472
1656
358
994
814
1310
1344
746
84
1386
590
88
1754
670
1464
1876
632
1448
862
340
618
1304
1946
1292
628
888
1256
122
1126
762
948
1088
1528
308
140
1914
220
1130
1282
1988
824
1006
530
1392
1942
1848
1620
1874
1984
1832
1714
1410
1354
1022
1850
902
1828
10
116
1534
1018
840
1948
162
1864
1158
396
246
1676
1352
682
1338
744
1636
1030
1622
1690
494
346
1340
1328
222
594
854
426
1330
330
1090
194
564
324
108
1314
288
1010
800
1482
582
978
698
520
1358
1408
1102
1724
360
1626
1202
86
546
604
502
954
776
728
506
248
1332
1294
298
402
904
1628
362
292
508
1326
860
1600
1592
852
528
1078
202
1792
772
1086
1336
1384
1498
1434
264
22
1816
498
1810
1244
70
1508
1606
1770
224
1214
1060
460
408
1050
1484
52
1390
846
1568
710
1578
734
1248
1266
816
210
1222
1952
1368
274
668
918
1178
1106
1284
1912
648
606
1400
1738
376
1646
478
198
1252
1040
1454
672
1494
784
970
1436
404
1188
484
1696
1242
128
1598
1544
1362
1308
1688
1742
1432
1758
1836
552
972
334
56
276
1614
560
1456
920
690
826
1684
132
1056
1208
1718
1118
238
32
1900
974
924
580
1374
1192
1402
150
1818
950
1860
1262
640
732
1870
666
1926
216
1412
1648
1756
1232
1588
1044
1238
1616
810
518
850
286
1692
796
18
1278
838
164
212
368
1590
1814
946
1954
766
1786
1204
1254
1154
1360
254
386
808
1576
622
608
1404
490
940
1452
1140
492
172
1736
1694
1240
936
1772
1682
1766
534
1936
260
1160
538
414
46
1246
226
1802
500
712
1960
1962
1634
660
152
302
1716
1138
1722
90
1808
306
1000
1604
1910
178
1790
1760
586
338
1538
294
130
652
1518
1884
232
722
78
1746
472
1280
512
906
1510
1066
832
584
290
1594
1608
242
754
1504
1610
676
1234
456
230
992
454
474
1024
1978
964
686
1298
1800
642
1276
310
576
1796
1966
1642
270
1150
1132
550
36
1992
1350
1654
1558
1120
1046
780
804
1554
1896
1516
1170
1612
1382
1174
556
864
1168
1532
956
218
266
912
496
1564
464
1930
304
378
348
94
510
526
62
110
650
1712
1440
574
1048
1190
1906
446
798
514
1672
1750
40
1488
206
1306
1560
1070
154
1162
572
1450
1894
818
1036
120
1096
1868
1476
1152
134
1478
1430
626
1858
1474
748
1730
160
1156
364
1398
614
126
1260
848
1652
786
892
1762
1856
830
480
1366
204
476
592
1996
1388
612
104
1908
1346
1134
1774
524
1968
410
1624
1822
1438
986
1490
166
1442
1460
486
1972
74
466
100
1806
82
256
998
8
1212
1122
106
1934
188
488
714
102
1104
452
658
1194
1650
616
1312
482
1734
750
1416
718
1726
886
1556
1316
1890
318
596
406
908
1032
996
1708
1468
1324
208
1846
1396
790
1406
742
958
778
1514
68
1710
190
844
858
1462
312
182
620
882
148
382
1964
114
822
1012
1084
532
600
1080
678
1236
1502
1940
1976
1840
174
60
536
1956
1520
468
930
952
440
1480
1466
758
1500
1820
1020
398
938
736
422
828
806
192
470
910
770
1674
1862
28
30
1662
1028
1574
1426
390
250
350
934
1378
1658
1300
802
1342
392
962
1270
384
1418
922
1356
228
1272
1034
1916
336
1524
1878
296
370
1108
1288
1702
636
1422
280
684
752
566
984
168
1026
428
774
282
1220
1562
966
412
1166
1844
1922
1182
1076
1038
196
320
1258
578
554
788
1582
1230
1290
26
1082
1706
558
1512
1522
16
48
344
322
450
1974
782
1970
184
768
1376
1014
1446
868
1074
1666
1198
1812
258
1686
268
1784
1098
1902
856
638
1206
562
236
764
92
366
444
1196
1380
1424
646
1752
170
884
688
1824
436
1176
186
240
878
458
866
462
6
1794
570
234
1064
98
1372
756
914
644
872
1944
812
1530
374
1720
504
38
76
1768
1008
1268
896
704
1062
1526
968
1112
1866
1596
1618
1318
916
720
1428
1670
20
982
1780
1924
1228
1882
1420
332
1486
1364
66
1852
588
1052
1778
24
1580
356
1144
1834
1950
880
388
1542
1570
316
820
1886
1148
58
156
1826
1322
96
928
1186
1744
34
1200
602
1704
842
516
80
1110
1602
1994
960
1550
434
200
1732
1042
44
420
1566
438
708
1218
1928
900
1764
1632
674
1990
380
