9998
9996
9994
9992
9990
9988
9986
9984
9982
9980
9978
9976
9974
9972
9970
9968
9966
9964
9962
9960
9958
9956
9954
9952
9950
9948
9946
9944
9942
9940
9938
9936
9934
9932
9930
9928
9926
9924
9922
9920
9918
9916
9914
9912
9910
9908
9906
9904
9902
9900
9898
9896
9894
9892
9890
9888
9886
9884
9882
9880
9878
9876
9874
9872
9870
9868
9866
9864
9862
9860
9858
9856
9854
9852
9850
9848
9846
9844
9842
9840
9838
9836
9834
9832
9830
9828
9826
9824
9822
9820
9818
9816
9814
9812
9810
9808
9806
9804
9802
9800
9798
9796
9794
9792
9790
9788
9786
9784
9782
9780
9778
9776
9774
9772
9770
9768
9766
9764
9762
9760
9758
9756
9754
9752
9750
9748
9746
9744
9742
9740
9738
9736
9734
9732
9730
9728
9726
9724
9722
9720
9718
9716
9714
9712
9710
9708
9706
9704
9702
9700
9698
9696
9694
9692
9690
9688
9686
9684
9682
9680
9678
9676
9674
9672
9670
9668
9666
9664
9662
9660
9658
9656
9654
9652
9650
9648
9646
9644
9642
9640
9638
9636
9634
9632
9630
9628
9626
9624
9622
9620
9618
9616
9614
9612
9610
9608
9606
9604
9602
9600
9598
9596
9594
9592
9590
9588
9586
9584
9582
9580
9578
9576
9574
9572
9570
9568
9566
9564
9562
9560
9558
9556
9554
9552
9550
9548
9546
9544
9542
9540
9538
9536
9534
9532
9530
9528
9526
9524
9522
9520
9518
9516
9514
9512
9510
9508
9506
9504
9502
9500
9498
9496
9494
9492
9490
9488
9486
9484
9482
9480
9478
9476
9474
9472
9470
9468
9466
9464
9462
9460
9458
9456
9454
9452
9450
9448
9446
9444
9442
9440
9438
9436
9434
9432
9430
9428
9426
9424
9422
9420
9418
9416
9414
9412
9410
9408
9406
9404
9402
9400
9398
9396
9394
9392
9390
9388
9386
9384
9382
9380
9378
9376
9374
9372
9370
9368
9366
9364
9362
9360
9358
9356
9354
9352
9350
9348
9346
9344
9342
9340
9338
9336
9334
9332
9330
9328
9326
9324
9322
9320
9318
9316
9314
9312
9310
9308
9306
9304
9302
9300
9298
9296
9294
9292
9290
9288
9286
9284
9282
9280
9278
9276
9274
9272
9270
9268
9266
9264
9262
9260
9258
9256
9254
9252
9250
9248
9246
9244
9242
9240
9238
9236
9234
9232
9230
9228
9226
9224
9222
9220
9218
9216
9214
9212
9210
9208
9206
9204
9202
9200
9198
9196
9194
9192
9190
9188
9186
9184
9182
9180
9178
9176
9174
9172
9170
9168
9166
9164
9162
9160
9158
9156
9154
9152
9150
9148
9146
9144
9142
9140
9138
9136
9134
9132
9130
9128
9126
9124
9122
9120
9118
9116
9114
9112
9110
9108
9106
9104
9102
9100
9098
9096
9094
9092
9090
9088
9086
9084
9082
9080
9078
9076
9074
9072
9070
9068
9066
9064
9062
9060
9058
9056
9054
9052
9050
9048
9046
9044
9042
9040
9038
9036
9034
9032
9030
9028
9026
9024
9022
9020
9018
9016
9014
9012
9010
9008
9006
9004
9002
9000
8998
8996
8994
8992
8990
8988
8986
8984
8982
8980
8978
8976
8974
8972
8970
8968
8966
8964
8962
8960
8958
8956
8954
8952
8950
8948
8946
8944
8942
8940
8938
8936
8934
8932
8930
8928
8926
8924
8922
8920
8918
8916
8914
8912
8910
8908
8906
8904
8902
8900
8898
8896
8894
8892
8890
8888
8886
8884
8882
8880
8878
8876
8874
8872
8870
8868
8866
8864
8862
8860
8858
8856
8854
8852
8850
8848
8846
8844
8842
8840
8838
8836
8834
8832
8830
8828
8826
8824
8822
8820
8818
8816
8814
8812
8810
8808
8806
8804
8802
8800
8798
8796
8794
8792
8790
8788
8786
8784
8782
8780
8778
8776
8774
8772
8770
8768
8766
8764
8762
8760
8758
8756
8754
8752
8750
8748
8746
8744
8742
8740
8738
8736
8734
8732
8730
8728
8726
8724
8722
8720
8718
8716
8714
8712
8710
8708
8706
8704
8702
8700
8698
8696
8694
8692
8690
8688
8686
8684
8682
8680
8678
8676
8674
8672
8670
8668
8666
8664
8662
8660
8658
8656
8654
8652
8650
8648
8646
8644
8642
8640
8638
8636
8634
8632
8630
8628
8626
8624
8622
8620
8618
8616
8614
8612
8610
8608
8606
8604
8602
8600
8598
8596
8594
8592
8590
8588
8586
8584
8582
8580
8578
8576
8574
8572
8570
8568
8566
8564
8562
8560
8558
8556
8554
8552
8550
8548
8546
8544
8542
8540
8538
8536
8534
8532
8530
8528
8526
8524
8522
8520
8518
8516
8514
8512
8510
8508
8506
8504
8502
8500
8498
8496
8494
8492
8490
8488
8486
8484
8482
8480
8478
8476
8474
8472
8470
8468
8466
8464
8462
8460
8458
8456
8454
8452
8450
8448
8446
8444
8442
8440
8438
8436
8434
8432
8430
8428
8426
8424
8422
8420
8418
8416
8414
8412
8410
8408
8406
8404
8402
8400
8398
8396
8394
8392
8390
8388
8386
8384
8382
8380
8378
8376
8374
8372
8370
8368
8366
8364
8362
8360
8358
8356
8354
8352
8350
8348
8346
8344
8342
8340
8338
8336
8334
8332
8330
8328
8326
8324
8322
8320
8318
8316
8314
8312
8310
8308
8306
8304
8302
8300
8298
8296
8294
8292
8290
8288
8286
8284
8282
8280
8278
8276
8274
8272
8270
8268
8266
8264
8262
8260
8258
8256
8254
8252
8250
8248
8246
8244
8242
8240
8238
8236
8234
8232
8230
8228
8226
8224
8222
8220
8218
8216
8214
8212
8210
8208
8206
8204
8202
8200
8198
8196
8194
8192
8190
8188
8186
8184
8182
8180
8178
8176
8174
8172
8170
8168
8166
8164
8162
8160
8158
8156
8154
8152
8150
8148
8146
8144
8142
8140
8138
8136
8134
8132
8130
8128
8126
8124
8122
8120
8118
8116
8114
8112
8110
8108
8106
8104
8102
8100
8098
8096
8094
8092
8090
8088
8086
8084
8082
8080
8078
8076
8074
8072
8070
8068
8066
8064
8062
8060
8058
8056
8054
8052
8050
8048
8046
8044
8042
8040
8038
8036
8034
8032
8030
8028
8026
8024
8022
8020
8018
8016
8014
8012
8010
8008
8006
8004
8002
8000
7998
7996
7994
7992
7990
7988
7986
7984
7982
7980
7978
7976
7974
7972
7970
7968
7966
7964
7962
7960
7958
7956
7954
7952
7950
7948
7946
7944
7942
7940
7938
7936
7934
7932
7930
7928
7926
7924
7922
7920
7918
7916
7914
7912
7910
7908
7906
7904
7902
7900
7898
7896
7894
7892
7890
7888
7886
7884
7882
7880
7878
7876
7874
7872
7870
7868
7866
7864
7862
7860
7858
7856
7854
7852
7850
7848
7846
7844
7842
7840
7838
7836
7834
7832
7830
7828
7826
7824
7822
7820
7818
7816
7814
7812
7810
7808
7806
7804
7802
7800
7798
7796
7794
7792
7790
7788
7786
7784
7782
7780
7778
7776
7774
7772
7770
7768
7766
7764
7762
7760
7758
7756
7754
7752
7750
7748
7746
7744
7742
7740
7738
7736
7734
7732
7730
7728
7726
7724
7722
7720
7718
7716
7714
7712
7710
7708
7706
7704
7702
7700
7698
7696
7694
7692
7690
7688
7686
7684
7682
7680
7678
7676
7674
7672
7670
7668
7666
7664
7662
7660
7658
7656
7654
7652
7650
7648
7646
7644
7642
7640
7638
7636
7634
7632
7630
7628
7626
7624
7622
7620
7618
7616
7614
7612
7610
7608
7606
7604
7602
7600
7598
7596
7594
7592
7590
7588
7586
7584
7582
7580
7578
7576
7574
7572
7570
7568
7566
7564
7562
7560
7558
7556
7554
7552
7550
7548
7546
7544
7542
7540
7538
7536
7534
7532
7530
7528
7526
7524
7522
7520
7518
7516
7514
7512
7510
7508
7506
7504
7502
7500
7498
7496
7494
7492
7490
7488
7486
7484
7482
7480
7478
7476
7474
7472
7470
7468
7466
7464
7462
7460
7458
7456
7454
7452
7450
7448
7446
7444
7442
7440
7438
7436
7434
7432
7430
7428
7426
7424
7422
7420
7418
7416
7414
7412
7410
7408
7406
7404
7402
7400
7398
7396
7394
7392
7390
7388
7386
7384
7382
7380
7378
7376
7374
7372
7370
7368
7366
7364
7362
7360
7358
7356
7354
7352
7350
7348
7346
7344
7342
7340
7338
7336
7334
7332
7330
7328
7326
7324
7322
7320
7318
7316
7314
7312
7310
7308
7306
7304
7302
7300
7298
7296
7294
7292
7290
7288
7286
7284
7282
7280
7278
7276
7274
7272
7270
7268
7266
7264
7262
7260
7258
7256
7254
7252
7250
7248
7246
7244
7242
7240
7238
7236
7234
7232
7230
7228
7226
7224
7222
7220
7218
7216
7214
7212
7210
7208
7206
7204
7202
7200
7198
7196
7194
7192
7190
7188
7186
7184
7182
7180
7178
7176
7174
7172
7170
7168
7166
7164
7162
7160
7158
7156
7154
7152
7150
7148
7146
7144
7142
7140
7138
7136
7134
7132
7130
7128
7126
7124
7122
7120
7118
7116
7114
7112
7110
7108
7106
7104
7102
7100
7098
7096
7094
7092
7090
7088
7086
7084
7082
7080
7078
7076
7074
7072
7070
7068
7066
7064
7062
7060
7058
7056
7054
7052
7050
7048
7046
7044
7042
7040
7038
7036
7034
7032
7030
7028
7026
7024
7022
7020
7018
7016
7014
7012
7010
7008
7006
7004
7002
7000
6998
6996
6994
6992
6990
6988
6986
6984
6982
6980
6978
6976
6974
6972
6970
6968
6966
6964
6962
6960
6958
6956
6954
6952
6950
6948
6946
6944
6942
6940
6938
6936
6934
6932
6930
6928
6926
6924
6922
6920
6918
6916
6914
6912
6910
6908
6906
6904
6902
6900
6898
6896
6894
6892
6890
6888
6886
6884
6882
6880
6878
6876
6874
6872
6870
6868
6866
6864
6862
6860
6858
6856
6854
6852
6850
6848
6846
6844
6842
6840
6838
6836
6834
6832
6830
6828
6826
6824
6822
6820
6818
6816
6814
6812
6810
6808
6806
6804
6802
6800
6798
6796
6794
6792
6790
6788
6786
6784
6782
6780
6778
6776
6774
6772
6770
6768
6766
6764
6762
6760
6758
6756
6754
6752
6750
6748
6746
6744
6742
6740
6738
6736
6734
6732
6730
6728
6726
6724
6722
6720
6718
6716
6714
6712
6710
6708
6706
6704
6702
6700
6698
6696
6694
6692
6690
6688
6686
6684
6682
6680
6678
6676
6674
6672
6670
6668
6666
6664
6662
6660
6658
6656
6654
6652
6650
6648
6646
6644
6642
6640
6638
6636
6634
6632
6630
6628
6626
6624
6622
6620
6618
6616
6614
6612
6610
6608
6606
6604
6602
6600
6598
6596
6594
6592
6590
6588
6586
6584
6582
6580
6578
6576
6574
6572
6570
6568
6566
6564
6562
6560
6558
6556
6554
6552
6550
6548
6546
6544
6542
6540
6538
6536
6534
6532
6530
6528
6526
6524
6522
6520
6518
6516
6514
6512
6510
6508
6506
6504
6502
6500
6498
6496
6494
6492
6490
6488
6486
6484
6482
6480
6478
6476
6474
6472
6470
6468
6466
6464
6462
6460
6458
6456
6454
6452
6450
6448
6446
6444
6442
6440
6438
6436
6434
6432
6430
6428
6426
6424
6422
6420
6418
6416
6414
6412
6410
6408
6406
6404
6402
6400
6398
6396
6394
6392
6390
6388
6386
6384
6382
6380
6378
6376
6374
6372
6370
6368
6366
6364
6362
6360
6358
6356
6354
6352
6350
6348
6346
6344
6342
6340
6338
6336
6334
6332
6330
6328
6326
6324
6322
6320
6318
6316
6314
6312
6310
6308
6306
6304
6302
6300
6298
6296
6294
6292
6290
6288
6286
6284
6282
6280
6278
6276
6274
6272
6270
6268
6266
6264
6262
6260
6258
6256
6254
6252
6250
6248
6246
6244
6242
6240
6238
6236
6234
6232
6230
6228
6226
6224
6222
6220
6218
6216
6214
6212
6210
6208
6206
6204
6202
6200
6198
6196
6194
6192
6190
6188
6186
6184
6182
6180
6178
6176
6174
6172
6170
6168
6166
6164
6162
6160
6158
6156
6154
6152
6150
6148
6146
6144
6142
6140
6138
6136
6134
6132
6130
6128
6126
6124
6122
6120
6118
6116
6114
6112
6110
6108
6106
6104
6102
6100
6098
6096
6094
6092
6090
6088
6086
6084
6082
6080
6078
6076
6074
6072
6070
6068
6066
6064
6062
6060
6058
6056
6054
6052
6050
6048
6046
6044
6042
6040
6038
6036
6034
6032
6030
6028
6026
6024
6022
6020
6018
6016
6014
6012
6010
6008
6006
6004
6002
6000
5998
5996
5994
5992
5990
5988
5986
5984
5982
5980
5978
5976
5974
5972
5970
5968
5966
5964
5962
5960
5958
5956
5954
5952
5950
5948
5946
5944
5942
5940
5938
5936
5934
5932
5930
5928
5926
5924
5922
5920
5918
5916
5914
5912
5910
5908
5906
5904
5902
5900
5898
5896
5894
5892
5890
5888
5886
5884
5882
5880
5878
5876
5874
5872
5870
5868
5866
5864
5862
5860
5858
5856
5854
5852
5850
5848
5846
5844
5842
5840
5838
5836
5834
5832
5830
5828
5826
5824
5822
5820
5818
5816
5814
5812
5810
5808
5806
5804
5802
5800
5798
5796
5794
5792
5790
5788
5786
5784
5782
5780
5778
5776
5774
5772
5770
5768
5766
5764
5762
5760
5758
5756
5754
5752
5750
5748
5746
5744
5742
5740
5738
5736
5734
5732
5730
5728
5726
5724
5722
5720
5718
5716
5714
5712
5710
5708
5706
5704
5702
5700
5698
5696
5694
5692
5690
5688
5686
5684
5682
5680
5678
5676
5674
5672
5670
5668
5666
5664
5662
5660
5658
5656
5654
5652
5650
5648
5646
5644
5642
5640
5638
5636
5634
5632
5630
5628
5626
5624
5622
5620
5618
5616
5614
5612
5610
5608
5606
5604
5602
5600
5598
5596
5594
5592
5590
5588
5586
5584
5582
5580
5578
5576
5574
5572
5570
5568
5566
5564
5562
5560
5558
5556
5554
5552
5550
5548
5546
5544
5542
5540
5538
5536
5534
5532
5530
5528
5526
5524
5522
5520
5518
5516
5514
5512
5510
5508
5506
5504
5502
5500
5498
5496
5494
5492
5490
5488
5486
5484
5482
5480
5478
5476
5474
5472
5470
5468
5466
5464
5462
5460
5458
5456
5454
5452
5450
5448
5446
5444
5442
5440
5438
5436
5434
5432
5430
5428
5426
5424
5422
5420
5418
5416
5414
5412
5410
5408
5406
5404
5402
5400
5398
5396
5394
5392
5390
5388
5386
5384
5382
5380
5378
5376
5374
5372
5370
5368
5366
5364
5362
5360
5358
5356
5354
5352
5350
5348
5346
5344
5342
5340
5338
5336
5334
5332
5330
5328
5326
5324
5322
5320
5318
5316
5314
5312
5310
5308
5306
5304
5302
5300
5298
5296
5294
5292
5290
5288
5286
5284
5282
5280
5278
5276
5274
5272
5270
5268
5266
5264
5262
5260
5258
5256
5254
5252
5250
5248
5246
5244
5242
5240
5238
5236
5234
5232
5230
5228
5226
5224
5222
5220
5218
5216
5214
5212
5210
5208
5206
5204
5202
5200
5198
5196
5194
5192
5190
5188
5186
5184
5182
5180
5178
5176
5174
5172
5170
5168
5166
5164
5162
5160
5158
5156
5154
5152
5150
5148
5146
5144
5142
5140
5138
5136
5134
5132
5130
5128
5126
5124
5122
5120
5118
5116
5114
5112
5110
5108
5106
5104
5102
5100
5098
5096
5094
5092
5090
5088
5086
5084
5082
5080
5078
5076
5074
5072
5070
5068
5066
5064
5062
5060
5058
5056
5054
5052
5050
5048
5046
5044
5042
5040
5038
5036
5034
5032
5030
5028
5026
5024
5022
5020
5018
5016
5014
5012
5010
5008
5006
5004
5002
5000
4998
4996
4994
4992
4990
4988
4986
4984
4982
4980
4978
4976
4974
4972
4970
4968
4966
4964
4962
4960
4958
4956
4954
4952
4950
4948
4946
4944
4942
4940
4938
4936
4934
4932
4930
4928
4926
4924
4922
4920
4918
4916
4914
4912
4910
4908
4906
4904
4902
4900
4898
4896
4894
4892
4890
4888
4886
4884
4882
4880
4878
4876
4874
4872
4870
4868
4866
4864
4862
4860
4858
4856
4854
4852
4850
4848
4846
4844
4842
4840
4838
4836
4834
4832
4830
4828
4826
4824
4822
4820
4818
4816
4814
4812
4810
4808
4806
4804
4802
4800
4798
4796
4794
4792
4790
4788
4786
4784
4782
4780
4778
4776
4774
4772
4770
4768
4766
4764
4762
4760
4758
4756
4754
4752
4750
4748
4746
4744
4742
4740
4738
4736
4734
4732
4730
4728
4726
4724
4722
4720
4718
4716
4714
4712
4710
4708
4706
4704
4702
4700
4698
4696
4694
4692
4690
4688
4686
4684
4682
4680
4678
4676
4674
4672
4670
4668
4666
4664
4662
4660
4658
4656
4654
4652
4650
4648
4646
4644
4642
4640
4638
4636
4634
4632
4630
4628
4626
4624
4622
4620
4618
4616
4614
4612
4610
4608
4606
4604
4602
4600
4598
4596
4594
4592
4590
4588
4586
4584
4582
4580
4578
4576
4574
4572
4570
4568
4566
4564
4562
4560
4558
4556
4554
4552
4550
4548
4546
4544
4542
4540
4538
4536
4534
4532
4530
4528
4526
4524
4522
4520
4518
4516
4514
4512
4510
4508
4506
4504
4502
4500
4498
4496
4494
4492
4490
4488
4486
4484
4482
4480
4478
4476
4474
4472
4470
4468
4466
4464
4462
4460
4458
4456
4454
4452
4450
4448
4446
4444
4442
4440
4438
4436
4434
4432
4430
4428
4426
4424
4422
4420
4418
4416
4414
4412
4410
4408
4406
4404
4402
4400
4398
4396
4394
4392
4390
4388
4386
4384
4382
4380
4378
4376
4374
4372
4370
4368
4366
4364
4362
4360
4358
4356
4354
4352
4350
4348
4346
4344
4342
4340
4338
4336
4334
4332
4330
4328
4326
4324
4322
4320
4318
4316
4314
4312
4310
4308
4306
4304
4302
4300
4298
4296
4294
4292
4290
4288
4286
4284
4282
4280
4278
4276
4274
4272
4270
4268
4266
4264
4262
4260
4258
4256
4254
4252
4250
4248
4246
4244
4242
4240
4238
4236
4234
4232
4230
4228
4226
4224
4222
4220
4218
4216
4214
4212
4210
4208
4206
4204
4202
4200
4198
4196
4194
4192
4190
4188
4186
4184
4182
4180
4178
4176
4174
4172
4170
4168
4166
4164
4162
4160
4158
4156
4154
4152
4150
4148
4146
4144
4142
4140
4138
4136
4134
4132
4130
4128
4126
4124
4122
4120
4118
4116
4114
4112
4110
4108
4106
4104
4102
4100
4098
4096
4094
4092
4090
4088
4086
4084
4082
4080
4078
4076
4074
4072
4070
4068
4066
4064
4062
4060
4058
4056
4054
4052
4050
4048
4046
4044
4042
4040
4038
4036
4034
4032
4030
4028
4026
4024
4022
4020
4018
4016
4014
4012
4010
4008
4006
4004
4002
4000
3998
3996
3994
3992
3990
3988
3986
3984
3982
3980
3978
3976
3974
3972
3970
3968
3966
3964
3962
3960
3958
3956
3954
3952
3950
3948
3946
3944
3942
3940
3938
3936
3934
3932
3930
3928
3926
3924
3922
3920
3918
3916
3914
3912
3910
3908
3906
3904
3902
3900
3898
3896
3894
3892
3890
3888
3886
3884
3882
3880
3878
3876
3874
3872
3870
3868
3866
3864
3862
3860
3858
3856
3854
3852
3850
3848
3846
3844
3842
3840
3838
3836
3834
3832
3830
3828
3826
3824
3822
3820
3818
3816
3814
3812
3810
3808
3806
3804
3802
3800
3798
3796
3794
3792
3790
3788
3786
3784
3782
3780
3778
3776
3774
3772
3770
3768
3766
3764
3762
3760
3758
3756
3754
3752
3750
3748
3746
3744
3742
3740
3738
3736
3734
3732
3730
3728
3726
3724
3722
3720
3718
3716
3714
3712
3710
3708
3706
3704
3702
3700
3698
3696
3694
3692
3690
3688
3686
3684
3682
3680
3678
3676
3674
3672
3670
3668
3666
3664
3662
3660
3658
3656
3654
3652
3650
3648
3646
3644
3642
3640
3638
3636
3634
3632
3630
3628
3626
3624
3622
3620
3618
3616
3614
3612
3610
3608
3606
3604
3602
3600
3598
3596
3594
3592
3590
3588
3586
3584
3582
3580
3578
3576
3574
3572
3570
3568
3566
3564
3562
3560
3558
3556
3554
3552
3550
3548
3546
3544
3542
3540
3538
3536
3534
3532
3530
3528
3526
3524
3522
3520
3518
3516
3514
3512
3510
3508
3506
3504
3502
3500
3498
3496
3494
3492
3490
3488
3486
3484
3482
3480
3478
3476
3474
3472
3470
3468
3466
3464
3462
3460
3458
3456
3454
3452
3450
3448
3446
3444
3442
3440
3438
3436
3434
3432
3430
3428
3426
3424
3422
3420
3418
3416
3414
3412
3410
3408
3406
3404
3402
3400
3398
3396
3394
3392
3390
3388
3386
3384
3382
3380
3378
3376
3374
3372
3370
3368
3366
3364
3362
3360
3358
3356
3354
3352
3350
3348
3346
3344
3342
3340
3338
3336
3334
3332
3330
3328
3326
3324
3322
3320
3318
3316
3314
3312
3310
3308
3306
3304
3302
3300
3298
3296
3294
3292
3290
3288
3286
3284
3282
3280
3278
3276
3274
3272
3270
3268
3266
3264
3262
3260
3258
3256
3254
3252
3250
3248
3246
3244
3242
3240
3238
3236
3234
3232
3230
3228
3226
3224
3222
3220
3218
3216
3214
3212
3210
3208
3206
3204
3202
3200
3198
3196
3194
3192
3190
3188
3186
3184
3182
3180
3178
3176
3174
3172
3170
3168
3166
3164
3162
3160
3158
3156
3154
3152
3150
3148
3146
3144
3142
3140
3138
3136
3134
3132
3130
3128
3126
3124
3122
3120
3118
3116
3114
3112
3110
3108
3106
3104
3102
3100
3098
3096
3094
3092
3090
3088
3086
3084
3082
3080
3078
3076
3074
3072
3070
3068
3066
3064
3062
3060
3058
3056
3054
3052
3050
3048
3046
3044
3042
3040
3038
3036
3034
3032
3030
3028
3026
3024
3022
3020
3018
3016
3014
3012
3010
3008
3006
3004
3002
3000
2998
2996
2994
2992
2990
2988
2986
2984
2982
2980
2978
2976
2974
2972
2970
2968
2966
2964
2962
2960
2958
2956
2954
2952
2950
2948
2946
2944
2942
2940
2938
2936
2934
2932
2930
2928
2926
2924
2922
2920
2918
2916
2914
2912
2910
2908
2906
2904
2902
2900
2898
2896
2894
2892
2890
2888
2886
2884
2882
2880
2878
2876
2874
2872
2870
2868
2866
2864
2862
2860
2858
2856
2854
2852
2850
2848
2846
2844
2842
2840
2838
2836
2834
2832
2830
2828
2826
2824
2822
2820
2818
2816
2814
2812
2810
2808
2806
2804
2802
2800
2798
2796
2794
2792
2790
2788
2786
2784
2782
2780
2778
2776
2774
2772
2770
2768
2766
2764
2762
2760
2758
2756
2754
2752
2750
2748
2746
2744
2742
2740
2738
2736
2734
2732
2730
2728
2726
2724
2722
2720
2718
2716
2714
2712
2710
2708
2706
2704
2702
2700
2698
2696
2694
2692
2690
2688
2686
2684
2682
2680
2678
2676
2674
2672
2670
2668
2666
2664
2662
2660
2658
2656
2654
2652
2650
2648
2646
2644
2642
2640
2638
2636
2634
2632
2630
2628
2626
2624
2622
2620
2618
2616
2614
2612
2610
2608
2606
2604
2602
2600
2598
2596
2594
2592
2590
2588
2586
2584
2582
2580
2578
2576
2574
2572
2570
2568
2566
2564
2562
2560
2558
2556
2554
2552
2550
2548
2546
2544
2542
2540
2538
2536
2534
2532
2530
2528
2526
2524
2522
2520
2518
2516
2514
2512
2510
2508
2506
2504
2502
2500
2498
2496
2494
2492
2490
2488
2486
2484
2482
2480
2478
2476
2474
2472
2470
2468
2466
2464
2462
2460
2458
2456
2454
2452
2450
2448
2446
2444
2442
2440
2438
2436
2434
2432
2430
2428
2426
2424
2422
2420
2418
2416
2414
2412
2410
2408
2406
2404
2402
2400
2398
2396
2394
2392
2390
2388
2386
2384
2382
2380
2378
2376
2374
2372
2370
2368
2366
2364
2362
2360
2358
2356
2354
2352
2350
2348
2346
2344
2342
2340
2338
2336
2334
2332
2330
2328
2326
2324
2322
2320
2318
2316
2314
2312
2310
2308
2306
2304
2302
2300
2298
2296
2294
2292
2290
2288
2286
2284
2282
2280
2278
2276
2274
2272
2270
2268
2266
2264
2262
2260
2258
2256
2254
2252
2250
2248
2246
2244
2242
2240
2238
2236
2234
2232
2230
2228
2226
2224
2222
2220
2218
2216
2214
2212
2210
2208
2206
2204
2202
2200
2198
2196
2194
2192
2190
2188
2186
2184
2182
2180
2178
2176
2174
2172
2170
2168
2166
2164
2162
2160
2158
2156
2154
2152
2150
2148
2146
2144
2142
2140
2138
2136
2134
2132
2130
2128
2126
2124
2122
2120
2118
2116
2114
2112
2110
2108
2106
2104
2102
2100
2098
2096
2094
2092
2090
2088
2086
2084
2082
2080
2078
2076
2074
2072
2070
2068
2066
2064
2062
2060
2058
2056
2054
2052
2050
2048
2046
2044
2042
2040
2038
2036
2034
2032
2030
2028
2026
2024
2022
2020
2018
2016
2014
2012
2010
2008
2006
2004
2002
2000
1998
1996
1994
1992
1990
1988
1986
1984
1982
1980
1978
1976
1974
1972
1970
1968
1966
1964
1962
1960
1958
1956
1954
1952
1950
1948
1946
1944
1942
1940
1938
1936
1934
1932
1930
1928
1926
1924
1922
1920
1918
1916
1914
1912
1910
1908
1906
1904
1902
1900
1898
1896
1894
1892
1890
1888
1886
1884
1882
1880
1878
1876
1874
1872
1870
1868
1866
1864
1862
1860
1858
1856
1854
1852
1850
1848
1846
1844
1842
1840
1838
1836
1834
1832
1830
1828
1826
1824
1822
1820
1818
1816
1814
1812
1810
1808
1806
1804
1802
1800
1798
1796
1794
1792
1790
1788
1786
1784
1782
1780
1778
1776
1774
1772
1770
1768
1766
1764
1762
1760
1758
1756
1754
1752
1750
1748
1746
1744
1742
1740
1738
1736
1734
1732
1730
1728
1726
1724
1722
1720
1718
1716
1714
1712
1710
1708
1706
1704
1702
1700
1698
1696
1694
1692
1690
1688
1686
1684
1682
1680
1678
1676
1674
1672
1670
1668
1666
1664
1662
1660
1658
1656
1654
1652
1650
1648
1646
1644
1642
1640
1638
1636
1634
1632
1630
1628
1626
1624
1622
1620
1618
1616
1614
1612
1610
1608
1606
1604
1602
1600
1598
1596
1594
1592
1590
1588
1586
1584
1582
1580
1578
1576
1574
1572
1570
1568
1566
1564
1562
1560
1558
1556
1554
1552
1550
1548
1546
1544
1542
1540
1538
1536
1534
1532
1530
1528
1526
1524
1522
1520
1518
1516
1514
1512
1510
1508
1506
1504
1502
1500
1498
1496
1494
1492
1490
1488
1486
1484
1482
1480
1478
1476
1474
1472
1470
1468
1466
1464
1462
1460
1458
1456
1454
1452
1450
1448
1446
1444
1442
1440
1438
1436
1434
1432
1430
1428
1426
1424
1422
1420
1418
1416
1414
1412
1410
1408
1406
1404
1402
1400
1398
1396
1394
1392
1390
1388
1386
1384
1382
1380
1378
1376
1374
1372
1370
1368
1366
1364
1362
1360
1358
1356
1354
1352
1350
1348
1346
1344
1342
1340
1338
1336
1334
1332
1330
1328
1326
1324
1322
1320
1318
1316
1314
1312
1310
1308
1306
1304
1302
1300
1298
1296
1294
1292
1290
1288
1286
1284
1282
1280
1278
1276
1274
1272
1270
1268
1266
1264
1262
1260
1258
1256
1254
1252
1250
1248
1246
1244
1242
1240
1238
1236
1234
1232
1230
1228
1226
1224
1222
1220
1218
1216
1214
1212
1210
1208
1206
1204
1202
1200
1198
1196
1194
1192
1190
1188
1186
1184
1182
1180
1178
1176
1174
1172
1170
1168
1166
1164
1162
1160
1158
1156
1154
1152
1150
1148
1146
1144
1142
1140
1138
1136
1134
1132
1130
1128
1126
1124
1122
1120
1118
1116
1114
1112
1110
1108
1106
1104
1102
1100
1098
1096
1094
1092
1090
1088
1086
1084
1082
1080
1078
1076
1074
1072
1070
1068
1066
1064
1062
1060
1058
1056
1054
1052
1050
1048
1046
1044
1042
1040
1038
1036
1034
1032
1030
1028
1026
1024
1022
1020
1018
1016
1014
1012
1010
1008
1006
1004
1002
1000
998
996
994
992
990
988
986
984
982
980
978
976
974
972
970
968
966
964
962
960
958
956
954
952
950
948
946
944
942
940
938
936
934
932
930
928
926
924
922
920
918
916
914
912
910
908
906
904
902
900
898
896
894
892
890
888
886
884
882
880
878
876
874
872
870
868
866
864
862
860
858
856
854
852
850
848
846
844
842
840
838
836
834
832
830
828
826
824
822
820
818
816
814
812
810
808
806
804
802
800
798
796
794
792
790
788
786
784
782
780
778
776
774
772
770
768
766
764
762
760
758
756
754
752
750
748
746
744
742
740
738
736
734
732
730
728
726
724
722
720
718
716
714
712
710
708
706
704
702
700
698
696
694
692
690
688
686
684
682
680
678
676
674
672
670
668
666
664
662
660
658
656
654
652
650
648
646
644
642
640
638
636
634
632
630
628
626
624
622
620
618
616
614
612
610
608
606
604
602
600
598
596
594
592
590
588
586
584
582
580
578
576
574
572
570
568
566
564
562
560
558
556
554
552
550
548
546
544
542
540
538
536
534
532
530
528
526
524
522
520
518
516
514
512
510
508
506
504
502
500
498
496
494
492
490
488
486
484
482
480
478
476
474
472
470
468
466
464
462
460
458
456
454
452
450
448
446
444
442
440
438
436
434
432
430
428
426
424
422
420
418
416
414
412
410
408
406
404
402
400
398
396
394
392
390
388
386
384
382
380
378
376
374
372
370
368
366
364
362
360
358
356
354
352
350
348
346
344
342
340
338
336
334
332
330
328
326
324
322
320
318
316
314
312
310
308
306
304
302
300
298
296
294
292
290
288
286
284
282
280
278
276
274
272
270
268
266
264
262
260
258
256
254
252
250
248
246
244
242
240
238
236
234
232
230
228
226
224
222
220
218
216
214
212
210
208
206
204
202
200
198
196
194
192
190
188
186
184
182
180
178
176
174
172
170
168
166
164
162
160
158
156
154
152
150
148
146
144
142
140
138
136
134
132
130
128
126
124
122
120
118
116
114
112
110
108
106
104
102
100
98
96
94
92
90
88
86
84
82
80
78
76
74
72
70
68
66
64
62
60
58
56
54
52
50
48
46
44
42
40
38
36
34
32
30
28
26
24
22
20
18
16
14
12
10
8
6
4
2
0
10000
10002
10004
10006
10008
10010
10012
10014
10016
10018
10020
10022
10024
10026
10028
10030
10032
10034
10036
10038
10040
10042
10044
10046
10048
10050
10052
10054
10056
10058
10060
10062
10064
10066
10068
10070
10072
10074
10076
10078
10080
10082
10084
10086
10088
10090
10092
10094
10096
10098
10100
10102
10104
10106
10108
10110
10112
10114
10116
10118
10120
10122
10124
10126
10128
10130
10132
10134
10136
10138
10140
10142
10144
10146
10148
10150
10152
10154
10156
10158
10160
10162
10164
10166
10168
10170
10172
10174
10176
10178
10180
10182
10184
10186
10188
10190
10192
10194
10196
10198
10200
10202
10204
10206
10208
10210
10212
10214
10216
10218
10220
10222
10224
10226
10228
10230
10232
10234
10236
10238
10240
10242
10244
10246
10248
10250
10252
10254
10256
10258
10260
10262
10264
10266
10268
10270
10272
10274
10276
10278
10280
10282
10284
10286
10288
10290
10292
10294
10296
10298
10300
10302
10304
10306
10308
10310
10312
10314
10316
10318
10320
10322
10324
10326
10328
10330
10332
10334
10336
10338
10340
10342
10344
10346
10348
10350
10352
10354
10356
10358
10360
10362
10364
10366
10368
10370
10372
10374
10376
10378
10380
10382
10384
10386
10388
10390
10392
10394
10396
10398
10400
10402
10404
10406
10408
10410
10412
10414
10416
10418
10420
10422
10424
10426
10428
10430
10432
10434
10436
10438
10440
10442
10444
10446
10448
10450
10452
10454
10456
10458
10460
10462
10464
10466
10468
10470
10472
10474
10476
10478
10480
10482
10484
10486
10488
10490
10492
10494
10496
10498
10500
10502
10504
10506
10508
10510
10512
10514
10516
10518
10520
10522
10524
10526
10528
10530
10532
10534
10536
10538
10540
10542
10544
10546
10548
10550
10552
10554
10556
10558
10560
10562
10564
10566
10568
10570
10572
10574
10576
10578
10580
10582
10584
10586
10588
10590
10592
10594
10596
10598
10600
10602
10604
10606
10608
10610
10612
10614
10616
10618
10620
10622
10624
10626
10628
10630
10632
10634
10636
10638
10640
10642
10644
10646
10648
10650
10652
10654
10656
10658
10660
10662
10664
10666
10668
10670
10672
10674
10676
10678
10680
10682
10684
10686
10688
10690
10692
10694
10696
10698
10700
10702
10704
10706
10708
10710
10712
10714
10716
10718
10720
10722
10724
10726
10728
10730
10732
10734
10736
10738
10740
10742
10744
10746
10748
10750
10752
10754
10756
10758
10760
10762
10764
10766
10768
10770
10772
10774
10776
10778
10780
10782
10784
10786
10788
10790
10792
10794
10796
10798
10800
10802
10804
10806
10808
10810
10812
10814
10816
10818
10820
10822
10824
10826
10828
10830
10832
10834
10836
10838
10840
10842
10844
10846
10848
10850
10852
10854
10856
10858
10860
10862
10864
10866
10868
10870
10872
10874
10876
10878
10880
10882
10884
10886
10888
10890
10892
10894
10896
10898
10900
10902
10904
10906
10908
10910
10912
10914
10916
10918
10920
10922
10924
10926
10928
10930
10932
10934
10936
10938
10940
10942
10944
10946
10948
10950
10952
10954
10956
10958
10960
10962
10964
10966
10968
10970
10972
10974
10976
10978
10980
10982
10984
10986
10988
10990
10992
10994
10996
10998
11000
11002
11004
11006
11008
11010
11012
11014
11016
11018
11020
11022
11024
11026
11028
11030
11032
11034
11036
11038
11040
11042
11044
11046
11048
11050
11052
11054
11056
11058
11060
11062
11064
11066
11068
11070
11072
11074
11076
11078
11080
11082
11084
11086
11088
11090
11092
11094
11096
11098
11100
11102
11104
11106
11108
11110
11112
11114
11116
11118
11120
11122
11124
11126
11128
11130
11132
11134
11136
11138
11140
11142
11144
11146
11148
11150
11152
11154
11156
11158
11160
11162
11164
11166
11168
11170
11172
11174
11176
11178
11180
11182
11184
11186
11188
11190
11192
11194
11196
11198
11200
11202
11204
11206
11208
11210
11212
11214
11216
11218
11220
11222
11224
11226
11228
11230
11232
11234
11236
11238
11240
11242
11244
11246
11248
11250
11252
11254
11256
11258
11260
11262
11264
11266
11268
11270
11272
11274
11276
11278
11280
11282
11284
11286
11288
11290
11292
11294
11296
11298
11300
11302
11304
11306
11308
11310
11312
11314
11316
11318
11320
11322
11324
11326
11328
11330
11332
11334
11336
11338
11340
11342
11344
11346
11348
11350
11352
11354
11356
11358
11360
11362
11364
11366
11368
11370
11372
11374
11376
11378
11380
11382
11384
11386
11388
11390
11392
11394
11396
11398
11400
11402
11404
11406
11408
11410
11412
11414
11416
11418
11420
11422
11424
11426
11428
11430
11432
11434
11436
11438
11440
11442
11444
11446
11448
11450
11452
11454
11456
11458
11460
11462
11464
11466
11468
11470
11472
11474
11476
11478
11480
11482
11484
11486
11488
11490
11492
11494
11496
11498
11500
11502
11504
11506
11508
11510
11512
11514
11516
11518
11520
11522
11524
11526
11528
11530
11532
11534
11536
11538
11540
11542
11544
11546
11548
11550
11552
11554
11556
11558
11560
11562
11564
11566
11568
11570
11572
11574
11576
11578
11580
11582
11584
11586
11588
11590
11592
11594
11596
11598
11600
11602
11604
11606
11608
11610
11612
11614
11616
11618
11620
11622
11624
11626
11628
11630
11632
11634
11636
11638
11640
11642
11644
11646
11648
11650
11652
11654
11656
11658
11660
11662
11664
11666
11668
11670
11672
11674
11676
11678
11680
11682
11684
11686
11688
11690
11692
11694
11696
11698
11700
11702
11704
11706
11708
11710
11712
11714
11716
11718
11720
11722
11724
11726
11728
11730
11732
11734
11736
11738
11740
11742
11744
11746
11748
11750
11752
11754
11756
11758
11760
11762
11764
11766
11768
11770
11772
11774
11776
11778
11780
11782
11784
11786
11788
11790
11792
11794
11796
11798
11800
11802
11804
11806
11808
11810
11812
11814
11816
11818
11820
11822
11824
11826
11828
11830
11832
11834
11836
11838
11840
11842
11844
11846
11848
11850
11852
11854
11856
11858
11860
11862
11864
11866
11868
11870
11872
11874
11876
11878
11880
11882
11884
11886
11888
11890
11892
11894
11896
11898
11900
11902
11904
11906
11908
11910
11912
11914
11916
11918
11920
11922
11924
11926
11928
11930
11932
11934
11936
11938
11940
11942
11944
11946
11948
11950
11952
11954
11956
11958
11960
11962
11964
11966
11968
11970
11972
11974
11976
11978
11980
11982
11984
11986
11988
11990
11992
11994
11996
11998
12000
12002
12004
12006
12008
12010
12012
12014
12016
12018
12020
12022
12024
12026
12028
12030
12032
12034
12036
12038
12040
12042
12044
12046
12048
12050
12052
12054
12056
12058
12060
12062
12064
12066
12068
12070
12072
12074
12076
12078
12080
12082
12084
12086
12088
12090
12092
12094
12096
12098
12100
12102
12104
12106
12108
12110
12112
12114
12116
12118
12120
12122
12124
12126
12128
12130
12132
12134
12136
12138
12140
12142
12144
12146
12148
12150
12152
12154
12156
12158
12160
12162
12164
12166
12168
12170
12172
12174
12176
12178
12180
12182
12184
12186
12188
12190
12192
12194
12196
12198
12200
12202
12204
12206
12208
12210
12212
12214
12216
12218
12220
12222
12224
12226
12228
12230
12232
12234
12236
12238
12240
12242
12244
12246
12248
12250
12252
12254
12256
12258
12260
12262
12264
12266
12268
12270
12272
12274
12276
12278
12280
12282
12284
12286
12288
12290
12292
12294
12296
12298
12300
12302
12304
12306
12308
12310
12312
12314
12316
12318
12320
12322
12324
12326
12328
12330
12332
12334
12336
12338
12340
12342
12344
12346
12348
12350
12352
12354
12356
12358
12360
12362
12364
12366
12368
12370
12372
12374
12376
12378
12380
12382
12384
12386
12388
12390
12392
12394
12396
12398
12400
12402
12404
12406
12408
12410
12412
12414
12416
12418
12420
12422
12424
12426
12428
12430
12432
12434
12436
12438
12440
12442
12444
12446
12448
12450
12452
12454
12456
12458
12460
12462
12464
12466
12468
12470
12472
12474
12476
12478
12480
12482
12484
12486
12488
12490
12492
12494
12496
12498
12500
12502
12504
12506
12508
12510
12512
12514
12516
12518
12520
12522
12524
12526
12528
12530
12532
12534
12536
12538
12540
12542
12544
12546
12548
12550
12552
12554
12556
12558
12560
12562
12564
12566
12568
12570
12572
12574
12576
12578
12580
12582
12584
12586
12588
12590
12592
12594
12596
12598
12600
12602
12604
12606
12608
12610
12612
12614
12616
12618
12620
12622
12624
12626
12628
12630
12632
12634
12636
12638
12640
12642
12644
12646
12648
12650
12652
12654
12656
12658
12660
12662
12664
12666
12668
12670
12672
12674
12676
12678
12680
12682
12684
12686
12688
12690
12692
12694
12696
12698
12700
12702
12704
12706
12708
12710
12712
12714
12716
12718
12720
12722
12724
12726
12728
12730
12732
12734
12736
12738
12740
12742
12744
12746
12748
12750
12752
12754
12756
12758
12760
12762
12764
12766
12768
12770
12772
12774
12776
12778
12780
12782
12784
12786
12788
12790
12792
12794
12796
12798
12800
12802
12804
12806
12808
12810
12812
12814
12816
12818
12820
12822
12824
12826
12828
12830
12832
12834
12836
12838
12840
12842
12844
12846
12848
12850
12852
12854
12856
12858
12860
12862
12864
12866
12868
12870
12872
12874
12876
12878
12880
12882
12884
12886
12888
12890
12892
12894
12896
12898
12900
12902
12904
12906
12908
12910
12912
12914
12916
12918
12920
12922
12924
12926
12928
12930
12932
12934
12936
12938
12940
12942
12944
12946
12948
12950
12952
12954
12956
12958
12960
12962
12964
12966
12968
12970
12972
12974
12976
12978
12980
12982
12984
12986
12988
12990
12992
12994
12996
12998
13000
13002
13004
13006
13008
13010
13012
13014
13016
13018
13020
13022
13024
13026
13028
13030
13032
13034
13036
13038
13040
13042
13044
13046
13048
13050
13052
13054
13056
13058
13060
13062
13064
13066
13068
13070
13072
13074
13076
13078
13080
13082
13084
13086
13088
13090
13092
13094
13096
13098
13100
13102
13104
13106
13108
13110
13112
13114
13116
13118
13120
13122
13124
13126
13128
13130
13132
13134
13136
13138
13140
13142
13144
13146
13148
13150
13152
13154
13156
13158
13160
13162
13164
13166
13168
13170
13172
13174
13176
13178
13180
13182
13184
13186
13188
13190
13192
13194
13196
13198
13200
13202
13204
13206
13208
13210
13212
13214
13216
13218
13220
13222
13224
13226
13228
13230
13232
13234
13236
13238
13240
13242
13244
13246
13248
13250
13252
13254
13256
13258
13260
13262
13264
13266
13268
13270
13272
13274
13276
13278
13280
13282
13284
13286
13288
13290
13292
13294
13296
13298
13300
13302
13304
13306
13308
13310
13312
13314
13316
13318
13320
13322
13324
13326
13328
13330
13332
13334
13336
13338
13340
13342
13344
13346
13348
13350
13352
13354
13356
13358
13360
13362
13364
13366
13368
13370
13372
13374
13376
13378
13380
13382
13384
13386
13388
13390
13392
13394
13396
13398
13400
13402
13404
13406
13408
13410
13412
13414
13416
13418
13420
13422
13424
13426
13428
13430
13432
13434
13436
13438
13440
13442
13444
13446
13448
13450
13452
13454
13456
13458
13460
13462
13464
13466
13468
13470
13472
13474
13476
13478
13480
13482
13484
13486
13488
13490
13492
13494
13496
13498
13500
13502
13504
13506
13508
13510
13512
13514
13516
13518
13520
13522
13524
13526
13528
13530
13532
13534
13536
13538
13540
13542
13544
13546
13548
13550
13552
13554
13556
13558
13560
13562
13564
13566
13568
13570
13572
13574
13576
13578
13580
13582
13584
13586
13588
13590
13592
13594
13596
13598
13600
13602
13604
13606
13608
13610
13612
13614
13616
13618
13620
13622
13624
13626
13628
13630
13632
13634
13636
13638
13640
13642
13644
13646
13648
13650
13652
13654
13656
13658
13660
13662
13664
13666
13668
13670
13672
13674
13676
13678
13680
13682
13684
13686
13688
13690
13692
13694
13696
13698
13700
13702
13704
13706
13708
13710
13712
13714
13716
13718
13720
13722
13724
13726
13728
13730
13732
13734
13736
13738
13740
13742
13744
13746
13748
13750
13752
13754
13756
13758
13760
13762
13764
13766
13768
13770
13772
13774
13776
13778
13780
13782
13784
13786
13788
13790
13792
13794
13796
13798
13800
13802
13804
13806
13808
13810
13812
13814
13816
13818
13820
13822
13824
13826
13828
13830
13832
13834
13836
13838
13840
13842
13844
13846
13848
13850
13852
13854
13856
13858
13860
13862
13864
13866
13868
13870
13872
13874
13876
13878
13880
13882
13884
13886
13888
13890
13892
13894
13896
13898
13900
13902
13904
13906
13908
13910
13912
13914
13916
13918
13920
13922
13924
13926
13928
13930
13932
13934
13936
13938
13940
13942
13944
13946
13948
13950
13952
13954
13956
13958
13960
13962
13964
13966
13968
13970
13972
13974
13976
13978
13980
13982
13984
13986
13988
13990
13992
13994
13996
13998
14000
14002
14004
14006
14008
14010
14012
14014
14016
14018
14020
14022
14024
14026
14028
14030
14032
14034
14036
14038
14040
14042
14044
14046
14048
14050
14052
14054
14056
14058
14060
14062
14064
14066
14068
14070
14072
14074
14076
14078
14080
14082
14084
14086
14088
14090
14092
14094
14096
14098
14100
14102
14104
14106
14108
14110
14112
14114
14116
14118
14120
14122
14124
14126
14128
14130
14132
14134
14136
14138
14140
14142
14144
14146
14148
14150
14152
14154
14156
14158
14160
14162
14164
14166
14168
14170
14172
14174
14176
14178
14180
14182
14184
14186
14188
14190
14192
14194
14196
14198
14200
14202
14204
14206
14208
14210
14212
14214
14216
14218
14220
14222
14224
14226
14228
14230
14232
14234
14236
14238
14240
14242
14244
14246
14248
14250
14252
14254
14256
14258
14260
14262
14264
14266
14268
14270
14272
14274
14276
14278
14280
14282
14284
14286
14288
14290
14292
14294
14296
14298
14300
14302
14304
14306
14308
14310
14312
14314
14316
14318
14320
14322
14324
14326
14328
14330
14332
14334
14336
14338
14340
14342
14344
14346
14348
14350
14352
14354
14356
14358
14360
14362
14364
14366
14368
14370
14372
14374
14376
14378
14380
14382
14384
14386
14388
14390
14392
14394
14396
14398
14400
14402
14404
14406
14408
14410
14412
14414
14416
14418
14420
14422
14424
14426
14428
14430
14432
14434
14436
14438
14440
14442
14444
14446
14448
14450
14452
14454
14456
14458
14460
14462
14464
14466
14468
14470
14472
14474
14476
14478
14480
14482
14484
14486
14488
14490
14492
14494
14496
14498
14500
14502
14504
14506
14508
14510
14512
14514
14516
14518
14520
14522
14524
14526
14528
14530
14532
14534
14536
14538
14540
14542
14544
14546
14548
14550
14552
14554
14556
14558
14560
14562
14564
14566
14568
14570
14572
14574
14576
14578
14580
14582
14584
14586
14588
14590
14592
14594
14596
14598
14600
14602
14604
14606
14608
14610
14612
14614
14616
14618
14620
14622
14624
14626
14628
14630
14632
14634
14636
14638
14640
14642
14644
14646
14648
14650
14652
14654
14656
14658
14660
14662
14664
14666
14668
14670
14672
14674
14676
14678
14680
14682
14684
14686
14688
14690
14692
14694
14696
14698
14700
14702
14704
14706
14708
14710
14712
14714
14716
14718
14720
14722
14724
14726
14728
14730
14732
14734
14736
14738
14740
14742
14744
14746
14748
14750
14752
14754
14756
14758
14760
14762
14764
14766
14768
14770
14772
14774
14776
14778
14780
14782
14784
14786
14788
14790
14792
14794
14796
14798
14800
14802
14804
14806
14808
14810
14812
14814
14816
14818
14820
14822
14824
14826
14828
14830
14832
14834
14836
14838
14840
14842
14844
14846
14848
14850
14852
14854
14856
14858
14860
14862
14864
14866
14868
14870
14872
14874
14876
14878
14880
14882
14884
14886
14888
14890
14892
14894
14896
14898
14900
14902
14904
14906
14908
14910
14912
14914
14916
14918
14920
14922
14924
14926
14928
14930
14932
14934
14936
14938
14940
14942
14944
14946
14948
14950
14952
14954
14956
14958
14960
14962
14964
14966
14968
14970
14972
14974
14976
14978
14980
14982
14984
14986
14988
14990
14992
14994
14996
14998
15000
15002
15004
15006
15008
15010
15012
15014
15016
15018
15020
15022
15024
15026
15028
15030
15032
15034
15036
15038
15040
15042
15044
15046
15048
15050
15052
15054
15056
15058
15060
15062
15064
15066
15068
15070
15072
15074
15076
15078
15080
15082
15084
15086
15088
15090
15092
15094
15096
15098
15100
15102
15104
15106
15108
15110
15112
15114
15116
15118
15120
15122
15124
15126
15128
15130
15132
15134
15136
15138
15140
15142
15144
15146
15148
15150
15152
15154
15156
15158
15160
15162
15164
15166
15168
15170
15172
15174
15176
15178
15180
15182
15184
15186
15188
15190
15192
15194
15196
15198
15200
15202
15204
15206
15208
15210
15212
15214
15216
15218
15220
15222
15224
15226
15228
15230
15232
15234
15236
15238
15240
15242
15244
15246
15248
15250
15252
15254
15256
15258
15260
15262
15264
15266
15268
15270
15272
15274
15276
15278
15280
15282
15284
15286
15288
15290
15292
15294
15296
15298
15300
15302
15304
15306
15308
15310
15312
15314
15316
15318
15320
15322
15324
15326
15328
15330
15332
15334
15336
15338
15340
15342
15344
15346
15348
15350
15352
15354
15356
15358
15360
15362
15364
15366
15368
15370
15372
15374
15376
15378
15380
15382
15384
15386
15388
15390
15392
15394
15396
15398
15400
15402
15404
15406
15408
15410
15412
15414
15416
15418
15420
15422
15424
15426
15428
15430
15432
15434
15436
15438
15440
15442
15444
15446
15448
15450
15452
15454
15456
15458
15460
15462
15464
15466
15468
15470
15472
15474
15476
15478
15480
15482
15484
15486
15488
15490
15492
15494
15496
15498
15500
15502
15504
15506
15508
15510
15512
15514
15516
15518
15520
15522
15524
15526
15528
15530
15532
15534
15536
15538
15540
15542
15544
15546
15548
15550
15552
15554
15556
15558
15560
15562
15564
15566
15568
15570
15572
15574
15576
15578
15580
15582
15584
15586
15588
15590
15592
15594
15596
15598
15600
15602
15604
15606
15608
15610
15612
15614
15616
15618
15620
15622
15624
15626
15628
15630
15632
15634
15636
15638
15640
15642
15644
15646
15648
15650
15652
15654
15656
15658
15660
15662
15664
15666
15668
15670
15672
15674
15676
15678
15680
15682
15684
15686
15688
15690
15692
15694
15696
15698
15700
15702
15704
15706
15708
15710
15712
15714
15716
15718
15720
15722
15724
15726
15728
15730
15732
15734
15736
15738
15740
15742
15744
15746
15748
15750
15752
15754
15756
15758
15760
15762
15764
15766
15768
15770
15772
15774
15776
15778
15780
15782
15784
15786
15788
15790
15792
15794
15796
15798
15800
15802
15804
15806
15808
15810
15812
15814
15816
15818
15820
15822
15824
15826
15828
15830
15832
15834
15836
15838
15840
15842
15844
15846
15848
15850
15852
15854
15856
15858
15860
15862
15864
15866
15868
15870
15872
15874
15876
15878
15880
15882
15884
15886
15888
15890
15892
15894
15896
15898
15900
15902
15904
15906
15908
15910
15912
15914
15916
15918
15920
15922
15924
15926
15928
15930
15932
15934
15936
15938
15940
15942
15944
15946
15948
15950
15952
15954
15956
15958
15960
15962
15964
15966
15968
15970
15972
15974
15976
15978
15980
15982
15984
15986
15988
15990
15992
15994
15996
15998
16000
16002
16004
16006
16008
16010
16012
16014
16016
16018
16020
16022
16024
16026
16028
16030
16032
16034
16036
16038
16040
16042
16044
16046
16048
16050
16052
16054
16056
16058
16060
16062
16064
16066
16068
16070
16072
16074
16076
16078
16080
16082
16084
16086
16088
16090
16092
16094
16096
16098
16100
16102
16104
16106
16108
16110
16112
16114
16116
16118
16120
16122
16124
16126
16128
16130
16132
16134
16136
16138
16140
16142
16144
16146
16148
16150
16152
16154
16156
16158
16160
16162
16164
16166
16168
16170
16172
16174
16176
16178
16180
16182
16184
16186
16188
16190
16192
16194
16196
16198
16200
16202
16204
16206
16208
16210
16212
16214
16216
16218
16220
16222
16224
16226
16228
16230
16232
16234
16236
16238
16240
16242
16244
16246
16248
16250
16252
16254
16256
16258
16260
16262
16264
16266
16268
16270
16272
16274
16276
16278
16280
16282
16284
16286
16288
16290
16292
16294
16296
16298
16300
16302
16304
16306
16308
16310
16312
16314
16316
16318
16320
16322
16324
16326
16328
16330
16332
16334
16336
16338
16340
16342
16344
16346
16348
16350
16352
16354
16356
16358
16360
16362
16364
16366
16368
16370
16372
16374
16376
16378
16380
16382
16384
16386
16388
16390
16392
16394
16396
16398
16400
16402
16404
16406
16408
16410
16412
16414
16416
16418
16420
16422
16424
16426
16428
16430
16432
16434
16436
16438
16440
16442
16444
16446
16448
16450
16452
16454
16456
16458
16460
16462
16464
16466
16468
16470
16472
16474
16476
16478
16480
16482
16484
16486
16488
16490
16492
16494
16496
16498
16500
16502
16504
16506
16508
16510
16512
16514
16516
16518
16520
16522
16524
16526
16528
16530
16532
16534
16536
16538
16540
16542
16544
16546
16548
16550
16552
16554
16556
16558
16560
16562
16564
16566
16568
16570
16572
16574
16576
16578
16580
16582
16584
16586
16588
16590
16592
16594
16596
16598
16600
16602
16604
16606
16608
16610
16612
16614
16616
16618
16620
16622
16624
16626
16628
16630
16632
16634
16636
16638
16640
16642
16644
16646
16648
16650
16652
16654
16656
16658
16660
16662
16664
16666
16668
16670
16672
16674
16676
16678
16680
16682
16684
16686
16688
16690
16692
16694
16696
16698
16700
16702
16704
16706
16708
16710
16712
16714
16716
16718
16720
16722
16724
16726
16728
16730
16732
16734
16736
16738
16740
16742
16744
16746
16748
16750
16752
16754
16756
16758
16760
16762
16764
16766
16768
16770
16772
16774
16776
16778
16780
16782
16784
16786
16788
16790
16792
16794
16796
16798
16800
16802
16804
16806
16808
16810
16812
16814
16816
16818
16820
16822
16824
16826
16828
16830
16832
16834
16836
16838
16840
16842
16844
16846
16848
16850
16852
16854
16856
16858
16860
16862
16864
16866
16868
16870
16872
16874
16876
16878
16880
16882
16884
16886
16888
16890
16892
16894
16896
16898
16900
16902
16904
16906
16908
16910
16912
16914
16916
16918
16920
16922
16924
16926
16928
16930
16932
16934
16936
16938
16940
16942
16944
16946
16948
16950
16952
16954
16956
16958
16960
16962
16964
16966
16968
16970
16972
16974
16976
16978
16980
16982
16984
16986
16988
16990
16992
16994
16996
16998
17000
17002
17004
17006
17008
17010
17012
17014
17016
17018
17020
17022
17024
17026
17028
17030
17032
17034
17036
17038
17040
17042
17044
17046
17048
17050
17052
17054
17056
17058
17060
17062
17064
17066
17068
17070
17072
17074
17076
17078
17080
17082
17084
17086
17088
17090
17092
17094
17096
17098
17100
17102
17104
17106
17108
17110
17112
17114
17116
17118
17120
17122
17124
17126
17128
17130
17132
17134
17136
17138
17140
17142
17144
17146
17148
17150
17152
17154
17156
17158
17160
17162
17164
17166
17168
17170
17172
17174
17176
17178
17180
17182
17184
17186
17188
17190
17192
17194
17196
17198
17200
17202
17204
17206
17208
17210
17212
17214
17216
17218
17220
17222
17224
17226
17228
17230
17232
17234
17236
17238
17240
17242
17244
17246
17248
17250
17252
17254
17256
17258
17260
17262
17264
17266
17268
17270
17272
17274
17276
17278
17280
17282
17284
17286
17288
17290
17292
17294
17296
17298
17300
17302
17304
17306
17308
17310
17312
17314
17316
17318
17320
17322
17324
17326
17328
17330
17332
17334
17336
17338
17340
17342
17344
17346
17348
17350
17352
17354
17356
17358
17360
17362
17364
17366
17368
17370
17372
17374
17376
17378
17380
17382
17384
17386
17388
17390
17392
17394
17396
17398
17400
17402
17404
17406
17408
17410
17412
17414
17416
17418
17420
17422
17424
17426
17428
17430
17432
17434
17436
17438
17440
17442
17444
17446
17448
17450
17452
17454
17456
17458
17460
17462
17464
17466
17468
17470
17472
17474
17476
17478
17480
17482
17484
17486
17488
17490
17492
17494
17496
17498
17500
17502
17504
17506
17508
17510
17512
17514
17516
17518
17520
17522
17524
17526
17528
17530
17532
17534
17536
17538
17540
17542
17544
17546
17548
17550
17552
17554
17556
17558
17560
17562
17564
17566
17568
17570
17572
17574
17576
17578
17580
17582
17584
17586
17588
17590
17592
17594
17596
17598
17600
17602
17604
17606
17608
17610
17612
17614
17616
17618
17620
17622
17624
17626
17628
17630
17632
17634
17636
17638
17640
17642
17644
17646
17648
17650
17652
17654
17656
17658
17660
17662
17664
17666
17668
17670
17672
17674
17676
17678
17680
17682
17684
17686
17688
17690
17692
17694
17696
17698
17700
17702
17704
17706
17708
17710
17712
17714
17716
17718
17720
17722
17724
17726
17728
17730
17732
17734
17736
17738
17740
17742
17744
17746
17748
17750
17752
17754
17756
17758
17760
17762
17764
17766
17768
17770
17772
17774
17776
17778
17780
17782
17784
17786
17788
17790
17792
17794
17796
17798
17800
17802
17804
17806
17808
17810
17812
17814
17816
17818
17820
17822
17824
17826
17828
17830
17832
17834
17836
17838
17840
17842
17844
17846
17848
17850
17852
17854
17856
17858
17860
17862
17864
17866
17868
17870
17872
17874
17876
17878
17880
17882
17884
17886
17888
17890
17892
17894
17896
17898
17900
17902
17904
17906
17908
17910
17912
17914
17916
17918
17920
17922
17924
17926
17928
17930
17932
17934
17936
17938
17940
17942
17944
17946
17948
17950
17952
17954
17956
17958
17960
17962
17964
17966
17968
17970
17972
17974
17976
17978
17980
17982
17984
17986
17988
17990
17992
17994
17996
17998
18000
18002
18004
18006
18008
18010
18012
18014
18016
18018
18020
18022
18024
18026
18028
18030
18032
18034
18036
18038
18040
18042
18044
18046
18048
18050
18052
18054
18056
18058
18060
18062
18064
18066
18068
18070
18072
18074
18076
18078
18080
18082
18084
18086
18088
18090
18092
18094
18096
18098
18100
18102
18104
18106
18108
18110
18112
18114
18116
18118
18120
18122
18124
18126
18128
18130
18132
18134
18136
18138
18140
18142
18144
18146
18148
18150
18152
18154
18156
18158
18160
18162
18164
18166
18168
18170
18172
18174
18176
18178
18180
18182
18184
18186
18188
18190
18192
18194
18196
18198
18200
18202
18204
18206
18208
18210
18212
18214
18216
18218
18220
18222
18224
18226
18228
18230
18232
18234
18236
18238
18240
18242
18244
18246
18248
18250
18252
18254
18256
18258
18260
18262
18264
18266
18268
18270
18272
18274
18276
18278
18280
18282
18284
18286
18288
18290
18292
18294
18296
18298
18300
18302
18304
18306
18308
18310
18312
18314
18316
18318
18320
18322
18324
18326
18328
18330
18332
18334
18336
18338
18340
18342
18344
18346
18348
18350
18352
18354
18356
18358
18360
18362
18364
18366
18368
18370
18372
18374
18376
18378
18380
18382
18384
18386
18388
18390
18392
18394
18396
18398
18400
18402
18404
18406
18408
18410
18412
18414
18416
18418
18420
18422
18424
18426
18428
18430
18432
18434
18436
18438
18440
18442
18444
18446
18448
18450
18452
18454
18456
18458
18460
18462
18464
18466
18468
18470
18472
18474
18476
18478
18480
18482
18484
18486
18488
18490
18492
18494
18496
18498
18500
18502
18504
18506
18508
18510
18512
18514
18516
18518
18520
18522
18524
18526
18528
18530
18532
18534
18536
18538
18540
18542
18544
18546
18548
18550
18552
18554
18556
18558
18560
18562
18564
18566
18568
18570
18572
18574
18576
18578
18580
18582
18584
18586
18588
18590
18592
18594
18596
18598
18600
18602
18604
18606
18608
18610
18612
18614
18616
18618
18620
18622
18624
18626
18628
18630
18632
18634
18636
18638
18640
18642
18644
18646
18648
18650
18652
18654
18656
18658
18660
18662
18664
18666
18668
18670
18672
18674
18676
18678
18680
18682
18684
18686
18688
18690
18692
18694
18696
18698
18700
18702
18704
18706
18708
18710
18712
18714
18716
18718
18720
18722
18724
18726
18728
18730
18732
18734
18736
18738
18740
18742
18744
18746
18748
18750
18752
18754
18756
18758
18760
18762
18764
18766
18768
18770
18772
18774
18776
18778
18780
18782
18784
18786
18788
18790
18792
18794
18796
18798
18800
18802
18804
18806
18808
18810
18812
18814
18816
18818
18820
18822
18824
18826
18828
18830
18832
18834
18836
18838
18840
18842
18844
18846
18848
18850
18852
18854
18856
18858
18860
18862
18864
18866
18868
18870
18872
18874
18876
18878
18880
18882
18884
18886
18888
18890
18892
18894
18896
18898
18900
18902
18904
18906
18908
18910
18912
18914
18916
18918
18920
18922
18924
18926
18928
18930
18932
18934
18936
18938
18940
18942
18944
18946
18948
18950
18952
18954
18956
18958
18960
18962
18964
18966
18968
18970
18972
18974
18976
18978
18980
18982
18984
18986
18988
18990
18992
18994
18996
18998
19000
19002
19004
19006
19008
19010
19012
19014
19016
19018
19020
19022
19024
19026
19028
19030
19032
19034
19036
19038
19040
19042
19044
19046
19048
19050
19052
19054
19056
19058
19060
19062
19064
19066
19068
19070
19072
19074
19076
19078
19080
19082
19084
19086
19088
19090
19092
19094
19096
19098
19100
19102
19104
19106
19108
19110
19112
19114
19116
19118
19120
19122
19124
19126
19128
19130
19132
19134
19136
19138
19140
19142
19144
19146
19148
19150
19152
19154
19156
19158
19160
19162
19164
19166
19168
19170
19172
19174
19176
19178
19180
19182
19184
19186
19188
19190
19192
19194
19196
19198
19200
19202
19204
19206
19208
19210
19212
19214
19216
19218
19220
19222
19224
19226
19228
19230
19232
19234
19236
19238
19240
19242
19244
19246
19248
19250
19252
19254
19256
19258
19260
19262
19264
19266
19268
19270
19272
19274
19276
19278
19280
19282
19284
19286
19288
19290
19292
19294
19296
19298
19300
19302
19304
19306
19308
19310
19312
19314
19316
19318
19320
19322
19324
19326
19328
19330
19332
19334
19336
19338
19340
19342
19344
19346
19348
19350
19352
19354
19356
19358
19360
19362
19364
19366
19368
19370
19372
19374
19376
19378
19380
19382
19384
19386
19388
19390
19392
19394
19396
19398
19400
19402
19404
19406
19408
19410
19412
19414
19416
19418
19420
19422
19424
19426
19428
19430
19432
19434
19436
19438
19440
19442
19444
19446
19448
19450
19452
19454
19456
19458
19460
19462
19464
19466
19468
19470
19472
19474
19476
19478
19480
19482
19484
19486
19488
19490
19492
19494
19496
19498
19500
19502
19504
19506
19508
19510
19512
19514
19516
19518
19520
19522
19524
19526
19528
19530
19532
19534
19536
19538
19540
19542
19544
19546
19548
19550
19552
19554
19556
19558
19560
19562
19564
19566
19568
19570
19572
19574
19576
19578
19580
19582
19584
19586
19588
19590
19592
19594
19596
19598
19600
19602
19604
19606
19608
19610
19612
19614
19616
19618
19620
19622
19624
19626
19628
19630
19632
19634
19636
19638
19640
19642
19644
19646
19648
19650
19652
19654
19656
19658
19660
19662
19664
19666
19668
19670
19672
19674
19676
19678
19680
19682
19684
19686
19688
19690
19692
19694
19696
19698
19700
19702
19704
19706
19708
19710
19712
19714
19716
19718
19720
19722
19724
19726
19728
19730
19732
19734
19736
19738
19740
19742
19744
19746
19748
19750
19752
19754
19756
19758
19760
19762
19764
19766
19768
19770
19772
19774
19776
19778
19780
19782
19784
19786
19788
19790
19792
19794
19796
19798
19800
19802
19804
19806
19808
19810
19812
19814
19816
19818
19820
19822
19824
19826
19828
19830
19832
19834
19836
19838
19840
19842
19844
19846
19848
19850
19852
19854
19856
19858
19860
19862
19864
19866
19868
19870
19872
19874
19876
19878
19880
19882
19884
19886
19888
19890
19892
19894
19896
19898
19900
19902
19904
19906
19908
19910
19912
19914
19916
19918
19920
19922
19924
19926
19928
19930
19932
19934
19936
19938
19940
19942
19944
19946
19948
19950
19952
19954
19956
19958
19960
19962
19964
19966
19968
19970
19972
19974
19976
19978
19980
19982
19984
19986
19988
19990
19992
19994
19996
19998
