0
2
4
6
8
10
12
14
16
18
20
22
24
26
28
30
32
34
36
38
40
42
44
46
48
50
52
54
56
58
60
62
64
66
68
70
72
74
76
78
80
82
84
86
88
90
92
94
96
98
100
102
104
106
108
110
112
114
116
118
120
122
124
126
128
130
132
134
136
138
140
142
144
146
148
150
152
154
156
158
160
162
164
166
168
170
172
174
176
178
180
182
184
186
188
190
192
194
196
198
200
202
204
206
208
210
212
214
216
218
220
222
224
226
228
230
232
234
236
238
240
242
244
246
248
250
252
254
256
258
260
262
264
266
268
270
272
274
276
278
280
282
284
286
288
290
292
294
296
298
300
302
304
306
308
310
312
314
316
318
320
322
324
326
328
330
332
334
336
338
340
342
344
346
348
350
352
354
356
358
360
362
364
366
368
370
372
374
376
378
380
382
384
386
388
390
392
394
396
398
400
402
404
406
408
410
412
414
416
418
420
422
424
426
428
430
432
434
436
438
440
442
444
446
448
450
452
454
456
458
460
462
464
466
468
470
472
474
476
478
480
482
484
486
488
490
492
494
496
498
500
502
504
506
508
510
512
514
516
518
520
522
524
526
528
530
532
534
536
538
540
542
544
546
548
550
552
554
556
558
560
562
564
566
568
570
572
574
576
578
580
582
584
586
588
590
592
594
596
598
600
602
604
606
608
610
612
614
616
618
620
622
624
626
628
630
632
634
636
638
640
642
644
646
648
650
652
654
656
658
660
662
664
666
668
670
672
674
676
678
680
682
684
686
688
690
692
694
696
698
700
702
704
706
708
710
712
714
716
718
720
722
724
726
728
730
732
734
736
738
740
742
744
746
748
750
752
754
756
758
760
762
764
766
768
770
772
774
776
778
780
782
784
786
788
790
792
794
796
798
800
802
804
806
808
810
812
814
816
818
820
822
824
826
828
830
832
834
836
838
840
842
844
846
848
850
852
854
856
858
860
862
864
866
868
870
872
874
876
878
880
882
884
886
888
890
892
894
896
898
900
902
904
906
908
910
912
914
916
918
920
922
924
926
928
930
932
934
936
938
940
942
944
946
948
950
952
954
956
958
960
962
964
966
968
970
972
974
976
978
980
982
984
986
988
990
992
994
996
998
1000
1002
1004
1006
1008
1010
1012
1014
1016
1018
1020
1022
1024
1026
1028
1030
1032
1034
1036
1038
1040
1042
1044
1046
1048
1050
1052
1054
1056
1058
1060
1062
1064
1066
1068
1070
1072
1074
1076
1078
1080
1082
1084
1086
1088
1090
1092
1094
1096
1098
1100
1102
1104
1106
1108
1110
1112
1114
1116
1118
1120
1122
1124
1126
1128
1130
1132
1134
1136
1138
1140
1142
1144
1146
1148
1150
1152
1154
1156
1158
1160
1162
1164
1166
1168
1170
1172
1174
1176
1178
1180
1182
1184
1186
1188
1190
1192
1194
1196
1198
1200
1202
1204
1206
1208
1210
1212
1214
1216
1218
1220
1222
1224
1226
1228
1230
1232
1234
1236
1238
1240
1242
1244
1246
1248
1250
1252
1254
1256
1258
1260
1262
1264
1266
1268
1270
1272
1274
1276
1278
1280
1282
1284
1286
1288
1290
1292
1294
1296
1298
1300
1302
1304
1306
1308
1310
1312
1314
1316
1318
1320
1322
1324
1326
1328
1330
1332
1334
1336
1338
1340
1342
1344
1346
1348
1350
1352
1354
1356
1358
1360
1362
1364
1366
1368
1370
1372
1374
1376
1378
1380
1382
1384
1386
1388
1390
1392
1394
1396
1398
1400
1402
1404
1406
1408
1410
1412
1414
1416
1418
1420
1422
1424
1426
1428
1430
1432
1434
1436
1438
1440
1442
1444
1446
1448
1450
1452
1454
1456
1458
1460
1462
1464
1466
1468
1470
1472
1474
1476
1478
1480
1482
1484
1486
1488
1490
1492
1494
1496
1498
1500
1502
1504
1506
1508
1510
1512
1514
1516
1518
1520
1522
1524
1526
1528
1530
1532
1534
1536
1538
1540
1542
1544
1546
1548
1550
1552
1554
1556
1558
1560
1562
1564
1566
1568
1570
1572
1574
1576
1578
1580
1582
1584
1586
1588
1590
1592
1594
1596
1598
1600
1602
1604
1606
1608
1610
1612
1614
1616
1618
1620
1622
1624
1626
1628
1630
1632
1634
1636
1638
1640
1642
1644
1646
1648
1650
1652
1654
1656
1658
1660
1662
1664
1666
1668
1670
1672
1674
1676
1678
1680
1682
1684
1686
1688
1690
1692
1694
1696
1698
1700
1702
1704
1706
1708
1710
1712
1714
1716
1718
1720
1722
1724
1726
1728
1730
1732
1734
1736
1738
1740
1742
1744
1746
1748
1750
1752
1754
1756
1758
1760
1762
1764
1766
1768
1770
1772
1774
1776
1778
1780
1782
1784
1786
1788
1790
1792
1794
1796
1798
1800
1802
1804
1806
1808
1810
1812
1814
1816
1818
1820
1822
1824
1826
1828
1830
1832
1834
1836
1838
1840
1842
1844
1846
1848
1850
1852
1854
1856
1858
1860
1862
1864
1866
1868
1870
1872
1874
1876
1878
1880
1882
1884
1886
1888
1890
1892
1894
1896
1898
1900
1902
1904
1906
1908
1910
1912
1914
1916
1918
1920
1922
1924
1926
1928
1930
1932
1934
1936
1938
1940
1942
1944
1946
1948
1950
1952
1954
1956
1958
1960
1962
1964
1966
1968
1970
1972
1974
1976
1978
1980
1982
1984
1986
1988
1990
1992
1994
1996
1998
2000
2002
2004
2006
2008
2010
2012
2014
2016
2018
2020
2022
2024
2026
2028
2030
2032
2034
2036
2038
2040
2042
2044
2046
2048
2050
2052
2054
2056
2058
2060
2062
2064
2066
2068
2070
2072
2074
2076
2078
2080
2082
2084
2086
2088
2090
2092
2094
2096
2098
2100
2102
2104
2106
2108
2110
2112
2114
2116
2118
2120
2122
2124
2126
2128
2130
2132
2134
2136
2138
2140
2142
2144
2146
2148
2150
2152
2154
2156
2158
2160
2162
2164
2166
2168
2170
2172
2174
2176
2178
2180
2182
2184
2186
2188
2190
2192
2194
2196
2198
2200
2202
2204
2206
2208
2210
2212
2214
2216
2218
2220
2222
2224
2226
2228
2230
2232
2234
2236
2238
2240
2242
2244
2246
2248
2250
2252
2254
2256
2258
2260
2262
2264
2266
2268
2270
2272
2274
2276
2278
2280
2282
2284
2286
2288
2290
2292
2294
2296
2298
2300
2302
2304
2306
2308
2310
2312
2314
2316
2318
2320
2322
2324
2326
2328
2330
2332
2334
2336
2338
2340
2342
2344
2346
2348
2350
2352
2354
2356
2358
2360
2362
2364
2366
2368
2370
2372
2374
2376
2378
2380
2382
2384
2386
2388
2390
2392
2394
2396
2398
2400
2402
2404
2406
2408
2410
2412
2414
2416
2418
2420
2422
2424
2426
2428
2430
2432
2434
2436
2438
2440
2442
2444
2446
2448
2450
2452
2454
2456
2458
2460
2462
2464
2466
2468
2470
2472
2474
2476
2478
2480
2482
2484
2486
2488
2490
2492
2494
2496
2498
2500
2502
2504
2506
2508
2510
2512
2514
2516
2518
2520
2522
2524
2526
2528
2530
2532
2534
2536
2538
2540
2542
2544
2546
2548
2550
2552
2554
2556
2558
2560
2562
2564
2566
2568
2570
2572
2574
2576
2578
2580
2582
2584
2586
2588
2590
2592
2594
2596
2598
2600
2602
2604
2606
2608
2610
2612
2614
2616
2618
2620
2622
2624
2626
2628
2630
2632
2634
2636
2638
2640
2642
2644
2646
2648
2650
2652
2654
2656
2658
2660
2662
2664
2666
2668
2670
2672
2674
2676
2678
2680
2682
2684
2686
2688
2690
2692
2694
2696
2698
2700
2702
2704
2706
2708
2710
2712
2714
2716
2718
2720
2722
2724
2726
2728
2730
2732
2734
2736
2738
2740
2742
2744
2746
2748
2750
2752
2754
2756
2758
2760
2762
2764
2766
2768
2770
2772
2774
2776
2778
2780
2782
2784
2786
2788
2790
2792
2794
2796
2798
2800
2802
2804
2806
2808
2810
2812
2814
2816
2818
2820
2822
2824
2826
2828
2830
2832
2834
2836
2838
2840
2842
2844
2846
2848
2850
2852
2854
2856
2858
2860
2862
2864
2866
2868
2870
2872
2874
2876
2878
2880
2882
2884
2886
2888
2890
2892
2894
2896
2898
2900
2902
2904
2906
2908
2910
2912
2914
2916
2918
2920
2922
2924
2926
2928
2930
2932
2934
2936
2938
2940
2942
2944
2946
2948
2950
2952
2954
2956
2958
2960
2962
2964
2966
2968
2970
2972
2974
2976
2978
2980
2982
2984
2986
2988
2990
2992
2994
2996
2998
3000
3002
3004
3006
3008
3010
3012
3014
3016
3018
3020
3022
3024
3026
3028
3030
3032
3034
3036
3038
3040
3042
3044
3046
3048
3050
3052
3054
3056
3058
3060
3062
3064
3066
3068
3070
3072
3074
3076
3078
3080
3082
3084
3086
3088
3090
3092
3094
3096
3098
3100
3102
3104
3106
3108
3110
3112
3114
3116
3118
3120
3122
3124
3126
3128
3130
3132
3134
3136
3138
3140
3142
3144
3146
3148
3150
3152
3154
3156
3158
3160
3162
3164
3166
3168
3170
3172
3174
3176
3178
3180
3182
3184
3186
3188
3190
3192
3194
3196
3198
3200
3202
3204
3206
3208
3210
3212
3214
3216
3218
3220
3222
3224
3226
3228
3230
3232
3234
3236
3238
3240
3242
3244
3246
3248
3250
3252
3254
3256
3258
3260
3262
3264
3266
3268
3270
3272
3274
3276
3278
3280
3282
3284
3286
3288
3290
3292
3294
3296
3298
3300
3302
3304
3306
3308
3310
3312
3314
3316
3318
3320
3322
3324
3326
3328
3330
3332
3334
3336
3338
3340
3342
3344
3346
3348
3350
3352
3354
3356
3358
3360
3362
3364
3366
3368
3370
3372
3374
3376
3378
3380
3382
3384
3386
3388
3390
3392
3394
3396
3398
3400
3402
3404
3406
3408
3410
3412
3414
3416
3418
3420
3422
3424
3426
3428
3430
3432
3434
3436
3438
3440
3442
3444
3446
3448
3450
3452
3454
3456
3458
3460
3462
3464
3466
3468
3470
3472
3474
3476
3478
3480
3482
3484
3486
3488
3490
3492
3494
3496
3498
3500
3502
3504
3506
3508
3510
3512
3514
3516
3518
3520
3522
3524
3526
3528
3530
3532
3534
3536
3538
3540
3542
3544
3546
3548
3550
3552
3554
3556
3558
3560
3562
3564
3566
3568
3570
3572
3574
3576
3578
3580
3582
3584
3586
3588
3590
3592
3594
3596
3598
3600
3602
3604
3606
3608
3610
3612
3614
3616
3618
3620
3622
3624
3626
3628
3630
3632
3634
3636
3638
3640
3642
3644
3646
3648
3650
3652
3654
3656
3658
3660
3662
3664
3666
3668
3670
3672
3674
3676
3678
3680
3682
3684
3686
3688
3690
3692
3694
3696
3698
3700
3702
3704
3706
3708
3710
3712
3714
3716
3718
3720
3722
3724
3726
3728
3730
3732
3734
3736
3738
3740
3742
3744
3746
3748
3750
3752
3754
3756
3758
3760
3762
3764
3766
3768
3770
3772
3774
3776
3778
3780
3782
3784
3786
3788
3790
3792
3794
3796
3798
3800
3802
3804
3806
3808
3810
3812
3814
3816
3818
3820
3822
3824
3826
3828
3830
3832
3834
3836
3838
3840
3842
3844
3846
3848
3850
3852
3854
3856
3858
3860
3862
3864
3866
3868
3870
3872
3874
3876
3878
3880
3882
3884
3886
3888
3890
3892
3894
3896
3898
3900
3902
3904
3906
3908
3910
3912
3914
3916
3918
3920
3922
3924
3926
3928
3930
3932
3934
3936
3938
3940
3942
3944
3946
3948
3950
3952
3954
3956
3958
3960
3962
3964
3966
3968
3970
3972
3974
3976
3978
3980
3982
3984
3986
3988
3990
3992
3994
3996
3998
4000
4002
4004
4006
4008
4010
4012
4014
4016
4018
4020
4022
4024
4026
4028
4030
4032
4034
4036
4038
4040
4042
4044
4046
4048
4050
4052
4054
4056
4058
4060
4062
4064
4066
4068
4070
4072
4074
4076
4078
4080
4082
4084
4086
4088
4090
4092
4094
4096
4098
4100
4102
4104
4106
4108
4110
4112
4114
4116
4118
4120
4122
4124
4126
4128
4130
4132
4134
4136
4138
4140
4142
4144
4146
4148
4150
4152
4154
4156
4158
4160
4162
4164
4166
4168
4170
4172
4174
4176
4178
4180
4182
4184
4186
4188
4190
4192
4194
4196
4198
4200
4202
4204
4206
4208
4210
4212
4214
4216
4218
4220
4222
4224
4226
4228
4230
4232
4234
4236
4238
4240
4242
4244
4246
4248
4250
4252
4254
4256
4258
4260
4262
4264
4266
4268
4270
4272
4274
4276
4278
4280
4282
4284
4286
4288
4290
4292
4294
4296
4298
4300
4302
4304
4306
4308
4310
4312
4314
4316
4318
4320
4322
4324
4326
4328
4330
4332
4334
4336
4338
4340
4342
4344
4346
4348
4350
4352
4354
4356
4358
4360
4362
4364
4366
4368
4370
4372
4374
4376
4378
4380
4382
4384
4386
4388
4390
4392
4394
4396
4398
4400
4402
4404
4406
4408
4410
4412
4414
4416
4418
4420
4422
4424
4426
4428
4430
4432
4434
4436
4438
4440
4442
4444
4446
4448
4450
4452
4454
4456
4458
4460
4462
4464
4466
4468
4470
4472
4474
4476
4478
4480
4482
4484
4486
4488
4490
4492
4494
4496
4498
4500
4502
4504
4506
4508
4510
4512
4514
4516
4518
4520
4522
4524
4526
4528
4530
4532
4534
4536
4538
4540
4542
4544
4546
4548
4550
4552
4554
4556
4558
4560
4562
4564
4566
4568
4570
4572
4574
4576
4578
4580
4582
4584
4586
4588
4590
4592
4594
4596
4598
4600
4602
4604
4606
4608
4610
4612
4614
4616
4618
4620
4622
4624
4626
4628
4630
4632
4634
4636
4638
4640
4642
4644
4646
4648
4650
4652
4654
4656
4658
4660
4662
4664
4666
4668
4670
4672
4674
4676
4678
4680
4682
4684
4686
4688
4690
4692
4694
4696
4698
4700
4702
4704
4706
4708
4710
4712
4714
4716
4718
4720
4722
4724
4726
4728
4730
4732
4734
4736
4738
4740
4742
4744
4746
4748
4750
4752
4754
4756
4758
4760
4762
4764
4766
4768
4770
4772
4774
4776
4778
4780
4782
4784
4786
4788
4790
4792
4794
4796
4798
4800
4802
4804
4806
4808
4810
4812
4814
4816
4818
4820
4822
4824
4826
4828
4830
4832
4834
4836
4838
4840
4842
4844
4846
4848
4850
4852
4854
4856
4858
4860
4862
4864
4866
4868
4870
4872
4874
4876
4878
4880
4882
4884
4886
4888
4890
4892
4894
4896
4898
4900
4902
4904
4906
4908
4910
4912
4914
4916
4918
4920
4922
4924
4926
4928
4930
4932
4934
4936
4938
4940
4942
4944
4946
4948
4950
4952
4954
4956
4958
4960
4962
4964
4966
4968
4970
4972
4974
4976
4978
4980
4982
4984
4986
4988
4990
4992
4994
4996
4998
5000
5002
5004
5006
5008
5010
5012
5014
5016
5018
5020
5022
5024
5026
5028
5030
5032
5034
5036
5038
5040
5042
5044
5046
5048
5050
5052
5054
5056
5058
5060
5062
5064
5066
5068
5070
5072
5074
5076
5078
5080
5082
5084
5086
5088
5090
5092
5094
5096
5098
5100
5102
5104
5106
5108
5110
5112
5114
5116
5118
5120
5122
5124
5126
5128
5130
5132
5134
5136
5138
5140
5142
5144
5146
5148
5150
5152
5154
5156
5158
5160
5162
5164
5166
5168
5170
5172
5174
5176
5178
5180
5182
5184
5186
5188
5190
5192
5194
5196
5198
5200
5202
5204
5206
5208
5210
5212
5214
5216
5218
5220
5222
5224
5226
5228
5230
5232
5234
5236
5238
5240
5242
5244
5246
5248
5250
5252
5254
5256
5258
5260
5262
5264
5266
5268
5270
5272
5274
5276
5278
5280
5282
5284
5286
5288
5290
5292
5294
5296
5298
5300
5302
5304
5306
5308
5310
5312
5314
5316
5318
5320
5322
5324
5326
5328
5330
5332
5334
5336
5338
5340
5342
5344
5346
5348
5350
5352
5354
5356
5358
5360
5362
5364
5366
5368
5370
5372
5374
5376
5378
5380
5382
5384
5386
5388
5390
5392
5394
5396
5398
5400
5402
5404
5406
5408
5410
5412
5414
5416
5418
5420
5422
5424
5426
5428
5430
5432
5434
5436
5438
5440
5442
5444
5446
5448
5450
5452
5454
5456
5458
5460
5462
5464
5466
5468
5470
5472
5474
5476
5478
5480
5482
5484
5486
5488
5490
5492
5494
5496
5498
5500
5502
5504
5506
5508
5510
5512
5514
5516
5518
5520
5522
5524
5526
5528
5530
5532
5534
5536
5538
5540
5542
5544
5546
5548
5550
5552
5554
5556
5558
5560
5562
5564
5566
5568
5570
5572
5574
5576
5578
5580
5582
5584
5586
5588
5590
5592
5594
5596
5598
5600
5602
5604
5606
5608
5610
5612
5614
5616
5618
5620
5622
5624
5626
5628
5630
5632
5634
5636
5638
5640
5642
5644
5646
5648
5650
5652
5654
5656
5658
5660
5662
5664
5666
5668
5670
5672
5674
5676
5678
5680
5682
5684
5686
5688
5690
5692
5694
5696
5698
5700
5702
5704
5706
5708
5710
5712
5714
5716
5718
5720
5722
5724
5726
5728
5730
5732
5734
5736
5738
5740
5742
5744
5746
5748
5750
5752
5754
5756
5758
5760
5762
5764
5766
5768
5770
5772
5774
5776
5778
5780
5782
5784
5786
5788
5790
5792
5794
5796
5798
5800
5802
5804
5806
5808
5810
5812
5814
5816
5818
5820
5822
5824
5826
5828
5830
5832
5834
5836
5838
5840
5842
5844
5846
5848
5850
5852
5854
5856
5858
5860
5862
5864
5866
5868
5870
5872
5874
5876
5878
5880
5882
5884
5886
5888
5890
5892
5894
5896
5898
5900
5902
5904
5906
5908
5910
5912
5914
5916
5918
5920
5922
5924
5926
5928
5930
5932
5934
5936
5938
5940
5942
5944
5946
5948
5950
5952
5954
5956
5958
5960
5962
5964
5966
5968
5970
5972
5974
5976
5978
5980
5982
5984
5986
5988
5990
5992
5994
5996
5998
6000
6002
6004
6006
6008
6010
6012
6014
6016
6018
6020
6022
6024
6026
6028
6030
6032
6034
6036
6038
6040
6042
6044
6046
6048
6050
6052
6054
6056
6058
6060
6062
6064
6066
6068
6070
6072
6074
6076
6078
6080
6082
6084
6086
6088
6090
6092
6094
6096
6098
6100
6102
6104
6106
6108
6110
6112
6114
6116
6118
6120
6122
6124
6126
6128
6130
6132
6134
6136
6138
6140
6142
6144
6146
6148
6150
6152
6154
6156
6158
6160
6162
6164
6166
6168
6170
6172
6174
6176
6178
6180
6182
6184
6186
6188
6190
6192
6194
6196
6198
6200
6202
6204
6206
6208
6210
6212
6214
6216
6218
6220
6222
6224
6226
6228
6230
6232
6234
6236
6238
6240
6242
6244
6246
6248
6250
6252
6254
6256
6258
6260
6262
6264
6266
6268
6270
6272
6274
6276
6278
6280
6282
6284
6286
6288
6290
6292
6294
6296
6298
6300
6302
6304
6306
6308
6310
6312
6314
6316
6318
6320
6322
6324
6326
6328
6330
6332
6334
6336
6338
6340
6342
6344
6346
6348
6350
6352
6354
6356
6358
6360
6362
6364
6366
6368
6370
6372
6374
6376
6378
6380
6382
6384
6386
6388
6390
6392
6394
6396
6398
6400
6402
6404
6406
6408
6410
6412
6414
6416
6418
6420
6422
6424
6426
6428
6430
6432
6434
6436
6438
6440
6442
6444
6446
6448
6450
6452
6454
6456
6458
6460
6462
6464
6466
6468
6470
6472
6474
6476
6478
6480
6482
6484
6486
6488
6490
6492
6494
6496
6498
6500
6502
6504
6506
6508
6510
6512
6514
6516
6518
6520
6522
6524
6526
6528
6530
6532
6534
6536
6538
6540
6542
6544
6546
6548
6550
6552
6554
6556
6558
6560
6562
6564
6566
6568
6570
6572
6574
6576
6578
6580
6582
6584
6586
6588
6590
6592
6594
6596
6598
6600
6602
6604
6606
6608
6610
6612
6614
6616
6618
6620
6622
6624
6626
6628
6630
6632
6634
6636
6638
6640
6642
6644
6646
6648
6650
6652
6654
6656
6658
6660
6662
6664
6666
6668
6670
6672
6674
6676
6678
6680
6682
6684
6686
6688
6690
6692
6694
6696
6698
6700
6702
6704
6706
6708
6710
6712
6714
6716
6718
6720
6722
6724
6726
6728
6730
6732
6734
6736
6738
6740
6742
6744
6746
6748
6750
6752
6754
6756
6758
6760
6762
6764
6766
6768
6770
6772
6774
6776
6778
6780
6782
6784
6786
6788
6790
6792
6794
6796
6798
6800
6802
6804
6806
6808
6810
6812
6814
6816
6818
6820
6822
6824
6826
6828
6830
6832
6834
6836
6838
6840
6842
6844
6846
6848
6850
6852
6854
6856
6858
6860
6862
6864
6866
6868
6870
6872
6874
6876
6878
6880
6882
6884
6886
6888
6890
6892
6894
6896
6898
6900
6902
6904
6906
6908
6910
6912
6914
6916
6918
6920
6922
6924
6926
6928
6930
6932
6934
6936
6938
6940
6942
6944
6946
6948
6950
6952
6954
6956
6958
6960
6962
6964
6966
6968
6970
6972
6974
6976
6978
6980
6982
6984
6986
6988
6990
6992
6994
6996
6998
7000
7002
7004
7006
7008
7010
7012
7014
7016
7018
7020
7022
7024
7026
7028
7030
7032
7034
7036
7038
7040
7042
7044
7046
7048
7050
7052
7054
7056
7058
7060
7062
7064
7066
7068
7070
7072
7074
7076
7078
7080
7082
7084
7086
7088
7090
7092
7094
7096
7098
7100
7102
7104
7106
7108
7110
7112
7114
7116
7118
7120
7122
7124
7126
7128
7130
7132
7134
7136
7138
7140
7142
7144
7146
7148
7150
7152
7154
7156
7158
7160
7162
7164
7166
7168
7170
7172
7174
7176
7178
7180
7182
7184
7186
7188
7190
7192
7194
7196
7198
7200
7202
7204
7206
7208
7210
7212
7214
7216
7218
7220
7222
7224
7226
7228
7230
7232
7234
7236
7238
7240
7242
7244
7246
7248
7250
7252
7254
7256
7258
7260
7262
7264
7266
7268
7270
7272
7274
7276
7278
7280
7282
7284
7286
7288
7290
7292
7294
7296
7298
7300
7302
7304
7306
7308
7310
7312
7314
7316
7318
7320
7322
7324
7326
7328
7330
7332
7334
7336
7338
7340
7342
7344
7346
7348
7350
7352
7354
7356
7358
7360
7362
7364
7366
7368
7370
7372
7374
7376
7378
7380
7382
7384
7386
7388
7390
7392
7394
7396
7398
7400
7402
7404
7406
7408
7410
7412
7414
7416
7418
7420
7422
7424
7426
7428
7430
7432
7434
7436
7438
7440
7442
7444
7446
7448
7450
7452
7454
7456
7458
7460
7462
7464
7466
7468
7470
7472
7474
7476
7478
7480
7482
7484
7486
7488
7490
7492
7494
7496
7498
7500
7502
7504
7506
7508
7510
7512
7514
7516
7518
7520
7522
7524
7526
7528
7530
7532
7534
7536
7538
7540
7542
7544
7546
7548
7550
7552
7554
7556
7558
7560
7562
7564
7566
7568
7570
7572
7574
7576
7578
7580
7582
7584
7586
7588
7590
7592
7594
7596
7598
7600
7602
7604
7606
7608
7610
7612
7614
7616
7618
7620
7622
7624
7626
7628
7630
7632
7634
7636
7638
7640
7642
7644
7646
7648
7650
7652
7654
7656
7658
7660
7662
7664
7666
7668
7670
7672
7674
7676
7678
7680
7682
7684
7686
7688
7690
7692
7694
7696
7698
7700
7702
7704
7706
7708
7710
7712
7714
7716
7718
7720
7722
7724
7726
7728
7730
7732
7734
7736
7738
7740
7742
7744
7746
7748
7750
7752
7754
7756
7758
7760
7762
7764
7766
7768
7770
7772
7774
7776
7778
7780
7782
7784
7786
7788
7790
7792
7794
7796
7798
7800
7802
7804
7806
7808
7810
7812
7814
7816
7818
7820
7822
7824
7826
7828
7830
7832
7834
7836
7838
7840
7842
7844
7846
7848
7850
7852
7854
7856
7858
7860
7862
7864
7866
7868
7870
7872
7874
7876
7878
7880
7882
7884
7886
7888
7890
7892
7894
7896
7898
7900
7902
7904
7906
7908
7910
7912
7914
7916
7918
7920
7922
7924
7926
7928
7930
7932
7934
7936
7938
7940
7942
7944
7946
7948
7950
7952
7954
7956
7958
7960
7962
7964
7966
7968
7970
7972
7974
7976
7978
7980
7982
7984
7986
7988
7990
7992
7994
7996
7998
8000
8002
8004
8006
8008
8010
8012
8014
8016
8018
8020
8022
8024
8026
8028
8030
8032
8034
8036
8038
8040
8042
8044
8046
8048
8050
8052
8054
8056
8058
8060
8062
8064
8066
8068
8070
8072
8074
8076
8078
8080
8082
8084
8086
8088
8090
8092
8094
8096
8098
8100
8102
8104
8106
8108
8110
8112
8114
8116
8118
8120
8122
8124
8126
8128
8130
8132
8134
8136
8138
8140
8142
8144
8146
8148
8150
8152
8154
8156
8158
8160
8162
8164
8166
8168
8170
8172
8174
8176
8178
8180
8182
8184
8186
8188
8190
8192
8194
8196
8198
8200
8202
8204
8206
8208
8210
8212
8214
8216
8218
8220
8222
8224
8226
8228
8230
8232
8234
8236
8238
8240
8242
8244
8246
8248
8250
8252
8254
8256
8258
8260
8262
8264
8266
8268
8270
8272
8274
8276
8278
8280
8282
8284
8286
8288
8290
8292
8294
8296
8298
8300
8302
8304
8306
8308
8310
8312
8314
8316
8318
8320
8322
8324
8326
8328
8330
8332
8334
8336
8338
8340
8342
8344
8346
8348
8350
8352
8354
8356
8358
8360
8362
8364
8366
8368
8370
8372
8374
8376
8378
8380
8382
8384
8386
8388
8390
8392
8394
8396
8398
8400
8402
8404
8406
8408
8410
8412
8414
8416
8418
8420
8422
8424
8426
8428
8430
8432
8434
8436
8438
8440
8442
8444
8446
8448
8450
8452
8454
8456
8458
8460
8462
8464
8466
8468
8470
8472
8474
8476
8478
8480
8482
8484
8486
8488
8490
8492
8494
8496
8498
8500
8502
8504
8506
8508
8510
8512
8514
8516
8518
8520
8522
8524
8526
8528
8530
8532
8534
8536
8538
8540
8542
8544
8546
8548
8550
8552
8554
8556
8558
8560
8562
8564
8566
8568
8570
8572
8574
8576
8578
8580
8582
8584
8586
8588
8590
8592
8594
8596
8598
8600
8602
8604
8606
8608
8610
8612
8614
8616
8618
8620
8622
8624
8626
8628
8630
8632
8634
8636
8638
8640
8642
8644
8646
8648
8650
8652
8654
8656
8658
8660
8662
8664
8666
8668
8670
8672
8674
8676
8678
8680
8682
8684
8686
8688
8690
8692
8694
8696
8698
8700
8702
8704
8706
8708
8710
8712
8714
8716
8718
8720
8722
8724
8726
8728
8730
8732
8734
8736
8738
8740
8742
8744
8746
8748
8750
8752
8754
8756
8758
8760
8762
8764
8766
8768
8770
8772
8774
8776
8778
8780
8782
8784
8786
8788
8790
8792
8794
8796
8798
8800
8802
8804
8806
8808
8810
8812
8814
8816
8818
8820
8822
8824
8826
8828
8830
8832
8834
8836
8838
8840
8842
8844
8846
8848
8850
8852
8854
8856
8858
8860
8862
8864
8866
8868
8870
8872
8874
8876
8878
8880
8882
8884
8886
8888
8890
8892
8894
8896
8898
8900
8902
8904
8906
8908
8910
8912
8914
8916
8918
8920
8922
8924
8926
8928
8930
8932
8934
8936
8938
8940
8942
8944
8946
8948
8950
8952
8954
8956
8958
8960
8962
8964
8966
8968
8970
8972
8974
8976
8978
8980
8982
8984
8986
8988
8990
8992
8994
8996
8998
9000
9002
9004
9006
9008
9010
9012
9014
9016
9018
9020
9022
9024
9026
9028
9030
9032
9034
9036
9038
9040
9042
9044
9046
9048
9050
9052
9054
9056
9058
9060
9062
9064
9066
9068
9070
9072
9074
9076
9078
9080
9082
9084
9086
9088
9090
9092
9094
9096
9098
9100
9102
9104
9106
9108
9110
9112
9114
9116
9118
9120
9122
9124
9126
9128
9130
9132
9134
9136
9138
9140
9142
9144
9146
9148
9150
9152
9154
9156
9158
9160
9162
9164
9166
9168
9170
9172
9174
9176
9178
9180
9182
9184
9186
9188
9190
9192
9194
9196
9198
9200
9202
9204
9206
9208
9210
9212
9214
9216
9218
9220
9222
9224
9226
9228
9230
9232
9234
9236
9238
9240
9242
9244
9246
9248
9250
9252
9254
9256
9258
9260
9262
9264
9266
9268
9270
9272
9274
9276
9278
9280
9282
9284
9286
9288
9290
9292
9294
9296
9298
9300
9302
9304
9306
9308
9310
9312
9314
9316
9318
9320
9322
9324
9326
9328
9330
9332
9334
9336
9338
9340
9342
9344
9346
9348
9350
9352
9354
9356
9358
9360
9362
9364
9366
9368
9370
9372
9374
9376
9378
9380
9382
9384
9386
9388
9390
9392
9394
9396
9398
9400
9402
9404
9406
9408
9410
9412
9414
9416
9418
9420
9422
9424
9426
9428
9430
9432
9434
9436
9438
9440
9442
9444
9446
9448
9450
9452
9454
9456
9458
9460
9462
9464
9466
9468
9470
9472
9474
9476
9478
9480
9482
9484
9486
9488
9490
9492
9494
9496
9498
9500
9502
9504
9506
9508
9510
9512
9514
9516
9518
9520
9522
9524
9526
9528
9530
9532
9534
9536
9538
9540
9542
9544
9546
9548
9550
9552
9554
9556
9558
9560
9562
9564
9566
9568
9570
9572
9574
9576
9578
9580
9582
9584
9586
9588
9590
9592
9594
9596
9598
9600
9602
9604
9606
9608
9610
9612
9614
9616
9618
9620
9622
9624
9626
9628
9630
9632
9634
9636
9638
9640
9642
9644
9646
9648
9650
9652
9654
9656
9658
9660
9662
9664
9666
9668
9670
9672
9674
9676
9678
9680
9682
9684
9686
9688
9690
9692
9694
9696
9698
9700
9702
9704
9706
9708
9710
9712
9714
9716
9718
9720
9722
9724
9726
9728
9730
9732
9734
9736
9738
9740
9742
9744
9746
9748
9750
9752
9754
9756
9758
9760
9762
9764
9766
9768
9770
9772
9774
9776
9778
9780
9782
9784
9786
9788
9790
9792
9794
9796
9798
9800
9802
9804
9806
9808
9810
9812
9814
9816
9818
9820
9822
9824
9826
9828
9830
9832
9834
9836
9838
9840
9842
9844
9846
9848
9850
9852
9854
9856
9858
9860
9862
9864
9866
9868
9870
9872
9874
9876
9878
9880
9882
9884
9886
9888
9890
9892
9894
9896
9898
9900
9902
9904
9906
9908
9910
9912
9914
9916
9918
9920
9922
9924
9926
9928
9930
9932
9934
9936
9938
9940
9942
9944
9946
9948
9950
9952
9954
9956
9958
9960
9962
9964
9966
9968
9970
9972
9974
9976
9978
9980
9982
9984
9986
9988
9990
9992
9994
9996
9998
19998
19996
19994
19992
19990
19988
19986
19984
19982
19980
19978
19976
19974
19972
19970
19968
19966
19964
19962
19960
19958
19956
19954
19952
19950
19948
19946
19944
19942
19940
19938
19936
19934
19932
19930
19928
19926
19924
19922
19920
19918
19916
19914
19912
19910
19908
19906
19904
19902
19900
19898
19896
19894
19892
19890
19888
19886
19884
19882
19880
19878
19876
19874
19872
19870
19868
19866
19864
19862
19860
19858
19856
19854
19852
19850
19848
19846
19844
19842
19840
19838
19836
19834
19832
19830
19828
19826
19824
19822
19820
19818
19816
19814
19812
19810
19808
19806
19804
19802
19800
19798
19796
19794
19792
19790
19788
19786
19784
19782
19780
19778
19776
19774
19772
19770
19768
19766
19764
19762
19760
19758
19756
19754
19752
19750
19748
19746
19744
19742
19740
19738
19736
19734
19732
19730
19728
19726
19724
19722
19720
19718
19716
19714
19712
19710
19708
19706
19704
19702
19700
19698
19696
19694
19692
19690
19688
19686
19684
19682
19680
19678
19676
19674
19672
19670
19668
19666
19664
19662
19660
19658
19656
19654
19652
19650
19648
19646
19644
19642
19640
19638
19636
19634
19632
19630
19628
19626
19624
19622
19620
19618
19616
19614
19612
19610
19608
19606
19604
19602
19600
19598
19596
19594
19592
19590
19588
19586
19584
19582
19580
19578
19576
19574
19572
19570
19568
19566
19564
19562
19560
19558
19556
19554
19552
19550
19548
19546
19544
19542
19540
19538
19536
19534
19532
19530
19528
19526
19524
19522
19520
19518
19516
19514
19512
19510
19508
19506
19504
19502
19500
19498
19496
19494
19492
19490
19488
19486
19484
19482
19480
19478
19476
19474
19472
19470
19468
19466
19464
19462
19460
19458
19456
19454
19452
19450
19448
19446
19444
19442
19440
19438
19436
19434
19432
19430
19428
19426
19424
19422
19420
19418
19416
19414
19412
19410
19408
19406
19404
19402
19400
19398
19396
19394
19392
19390
19388
19386
19384
19382
19380
19378
19376
19374
19372
19370
19368
19366
19364
19362
19360
19358
19356
19354
19352
19350
19348
19346
19344
19342
19340
19338
19336
19334
19332
19330
19328
19326
19324
19322
19320
19318
19316
19314
19312
19310
19308
19306
19304
19302
19300
19298
19296
19294
19292
19290
19288
19286
19284
19282
19280
19278
19276
19274
19272
19270
19268
19266
19264
19262
19260
19258
19256
19254
19252
19250
19248
19246
19244
19242
19240
19238
19236
19234
19232
19230
19228
19226
19224
19222
19220
19218
19216
19214
19212
19210
19208
19206
19204
19202
19200
19198
19196
19194
19192
19190
19188
19186
19184
19182
19180
19178
19176
19174
19172
19170
19168
19166
19164
19162
19160
19158
19156
19154
19152
19150
19148
19146
19144
19142
19140
19138
19136
19134
19132
19130
19128
19126
19124
19122
19120
19118
19116
19114
19112
19110
19108
19106
19104
19102
19100
19098
19096
19094
19092
19090
19088
19086
19084
19082
19080
19078
19076
19074
19072
19070
19068
19066
19064
19062
19060
19058
19056
19054
19052
19050
19048
19046
19044
19042
19040
19038
19036
19034
19032
19030
19028
19026
19024
19022
19020
19018
19016
19014
19012
19010
19008
19006
19004
19002
19000
18998
18996
18994
18992
18990
18988
18986
18984
18982
18980
18978
18976
18974
18972
18970
18968
18966
18964
18962
18960
18958
18956
18954
18952
18950
18948
18946
18944
18942
18940
18938
18936
18934
18932
18930
18928
18926
18924
18922
18920
18918
18916
18914
18912
18910
18908
18906
18904
18902
18900
18898
18896
18894
18892
18890
18888
18886
18884
18882
18880
18878
18876
18874
18872
18870
18868
18866
18864
18862
18860
18858
18856
18854
18852
18850
18848
18846
18844
18842
18840
18838
18836
18834
18832
18830
18828
18826
18824
18822
18820
18818
18816
18814
18812
18810
18808
18806
18804
18802
18800
18798
18796
18794
18792
18790
18788
18786
18784
18782
18780
18778
18776
18774
18772
18770
18768
18766
18764
18762
18760
18758
18756
18754
18752
18750
18748
18746
18744
18742
18740
18738
18736
18734
18732
18730
18728
18726
18724
18722
18720
18718
18716
18714
18712
18710
18708
18706
18704
18702
18700
18698
18696
18694
18692
18690
18688
18686
18684
18682
18680
18678
18676
18674
18672
18670
18668
18666
18664
18662
18660
18658
18656
18654
18652
18650
18648
18646
18644
18642
18640
18638
18636
18634
18632
18630
18628
18626
18624
18622
18620
18618
18616
18614
18612
18610
18608
18606
18604
18602
18600
18598
18596
18594
18592
18590
18588
18586
18584
18582
18580
18578
18576
18574
18572
18570
18568
18566
18564
18562
18560
18558
18556
18554
18552
18550
18548
18546
18544
18542
18540
18538
18536
18534
18532
18530
18528
18526
18524
18522
18520
18518
18516
18514
18512
18510
18508
18506
18504
18502
18500
18498
18496
18494
18492
18490
18488
18486
18484
18482
18480
18478
18476
18474
18472
18470
18468
18466
18464
18462
18460
18458
18456
18454
18452
18450
18448
18446
18444
18442
18440
18438
18436
18434
18432
18430
18428
18426
18424
18422
18420
18418
18416
18414
18412
18410
18408
18406
18404
18402
18400
18398
18396
18394
18392
18390
18388
18386
18384
18382
18380
18378
18376
18374
18372
18370
18368
18366
18364
18362
18360
18358
18356
18354
18352
18350
18348
18346
18344
18342
18340
18338
18336
18334
18332
18330
18328
18326
18324
18322
18320
18318
18316
18314
18312
18310
18308
18306
18304
18302
18300
18298
18296
18294
18292
18290
18288
18286
18284
18282
18280
18278
18276
18274
18272
18270
18268
18266
18264
18262
18260
18258
18256
18254
18252
18250
18248
18246
18244
18242
18240
18238
18236
18234
18232
18230
18228
18226
18224
18222
18220
18218
18216
18214
18212
18210
18208
18206
18204
18202
18200
18198
18196
18194
18192
18190
18188
18186
18184
18182
18180
18178
18176
18174
18172
18170
18168
18166
18164
18162
18160
18158
18156
18154
18152
18150
18148
18146
18144
18142
18140
18138
18136
18134
18132
18130
18128
18126
18124
18122
18120
18118
18116
18114
18112
18110
18108
18106
18104
18102
18100
18098
18096
18094
18092
18090
18088
18086
18084
18082
18080
18078
18076
18074
18072
18070
18068
18066
18064
18062
18060
18058
18056
18054
18052
18050
18048
18046
18044
18042
18040
18038
18036
18034
18032
18030
18028
18026
18024
18022
18020
18018
18016
18014
18012
18010
18008
18006
18004
18002
18000
17998
17996
17994
17992
17990
17988
17986
17984
17982
17980
17978
17976
17974
17972
17970
17968
17966
17964
17962
17960
17958
17956
17954
17952
17950
17948
17946
17944
17942
17940
17938
17936
17934
17932
17930
17928
17926
17924
17922
17920
17918
17916
17914
17912
17910
17908
17906
17904
17902
17900
17898
17896
17894
17892
17890
17888
17886
17884
17882
17880
17878
17876
17874
17872
17870
17868
17866
17864
17862
17860
17858
17856
17854
17852
17850
17848
17846
17844
17842
17840
17838
17836
17834
17832
17830
17828
17826
17824
17822
17820
17818
17816
17814
17812
17810
17808
17806
17804
17802
17800
17798
17796
17794
17792
17790
17788
17786
17784
17782
17780
17778
17776
17774
17772
17770
17768
17766
17764
17762
17760
17758
17756
17754
17752
17750
17748
17746
17744
17742
17740
17738
17736
17734
17732
17730
17728
17726
17724
17722
17720
17718
17716
17714
17712
17710
17708
17706
17704
17702
17700
17698
17696
17694
17692
17690
17688
17686
17684
17682
17680
17678
17676
17674
17672
17670
17668
17666
17664
17662
17660
17658
17656
17654
17652
17650
17648
17646
17644
17642
17640
17638
17636
17634
17632
17630
17628
17626
17624
17622
17620
17618
17616
17614
17612
17610
17608
17606
17604
17602
17600
17598
17596
17594
17592
17590
17588
17586
17584
17582
17580
17578
17576
17574
17572
17570
17568
17566
17564
17562
17560
17558
17556
17554
17552
17550
17548
17546
17544
17542
17540
17538
17536
17534
17532
17530
17528
17526
17524
17522
17520
17518
17516
17514
17512
17510
17508
17506
17504
17502
17500
17498
17496
17494
17492
17490
17488
17486
17484
17482
17480
17478
17476
17474
17472
17470
17468
17466
17464
17462
17460
17458
17456
17454
17452
17450
17448
17446
17444
17442
17440
17438
17436
17434
17432
17430
17428
17426
17424
17422
17420
17418
17416
17414
17412
17410
17408
17406
17404
17402
17400
17398
17396
17394
17392
17390
17388
17386
17384
17382
17380
17378
17376
17374
17372
17370
17368
17366
17364
17362
17360
17358
17356
17354
17352
17350
17348
17346
17344
17342
17340
17338
17336
17334
17332
17330
17328
17326
17324
17322
17320
17318
17316
17314
17312
17310
17308
17306
17304
17302
17300
17298
17296
17294
17292
17290
17288
17286
17284
17282
17280
17278
17276
17274
17272
17270
17268
17266
17264
17262
17260
17258
17256
17254
17252
17250
17248
17246
17244
17242
17240
17238
17236
17234
17232
17230
17228
17226
17224
17222
17220
17218
17216
17214
17212
17210
17208
17206
17204
17202
17200
17198
17196
17194
17192
17190
17188
17186
17184
17182
17180
17178
17176
17174
17172
17170
17168
17166
17164
17162
17160
17158
17156
17154
17152
17150
17148
17146
17144
17142
17140
17138
17136
17134
17132
17130
17128
17126
17124
17122
17120
17118
17116
17114
17112
17110
17108
17106
17104
17102
17100
17098
17096
17094
17092
17090
17088
17086
17084
17082
17080
17078
17076
17074
17072
17070
17068
17066
17064
17062
17060
17058
17056
17054
17052
17050
17048
17046
17044
17042
17040
17038
17036
17034
17032
17030
17028
17026
17024
17022
17020
17018
17016
17014
17012
17010
17008
17006
17004
17002
17000
16998
16996
16994
16992
16990
16988
16986
16984
16982
16980
16978
16976
16974
16972
16970
16968
16966
16964
16962
16960
16958
16956
16954
16952
16950
16948
16946
16944
16942
16940
16938
16936
16934
16932
16930
16928
16926
16924
16922
16920
16918
16916
16914
16912
16910
16908
16906
16904
16902
16900
16898
16896
16894
16892
16890
16888
16886
16884
16882
16880
16878
16876
16874
16872
16870
16868
16866
16864
16862
16860
16858
16856
16854
16852
16850
16848
16846
16844
16842
16840
16838
16836
16834
16832
16830
16828
16826
16824
16822
16820
16818
16816
16814
16812
16810
16808
16806
16804
16802
16800
16798
16796
16794
16792
16790
16788
16786
16784
16782
16780
16778
16776
16774
16772
16770
16768
16766
16764
16762
16760
16758
16756
16754
16752
16750
16748
16746
16744
16742
16740
16738
16736
16734
16732
16730
16728
16726
16724
16722
16720
16718
16716
16714
16712
16710
16708
16706
16704
16702
16700
16698
16696
16694
16692
16690
16688
16686
16684
16682
16680
16678
16676
16674
16672
16670
16668
16666
16664
16662
16660
16658
16656
16654
16652
16650
16648
16646
16644
16642
16640
16638
16636
16634
16632
16630
16628
16626
16624
16622
16620
16618
16616
16614
16612
16610
16608
16606
16604
16602
16600
16598
16596
16594
16592
16590
16588
16586
16584
16582
16580
16578
16576
16574
16572
16570
16568
16566
16564
16562
16560
16558
16556
16554
16552
16550
16548
16546
16544
16542
16540
16538
16536
16534
16532
16530
16528
16526
16524
16522
16520
16518
16516
16514
16512
16510
16508
16506
16504
16502
16500
16498
16496
16494
16492
16490
16488
16486
16484
16482
16480
16478
16476
16474
16472
16470
16468
16466
16464
16462
16460
16458
16456
16454
16452
16450
16448
16446
16444
16442
16440
16438
16436
16434
16432
16430
16428
16426
16424
16422
16420
16418
16416
16414
16412
16410
16408
16406
16404
16402
16400
16398
16396
16394
16392
16390
16388
16386
16384
16382
16380
16378
16376
16374
16372
16370
16368
16366
16364
16362
16360
16358
16356
16354
16352
16350
16348
16346
16344
16342
16340
16338
16336
16334
16332
16330
16328
16326
16324
16322
16320
16318
16316
16314
16312
16310
16308
16306
16304
16302
16300
16298
16296
16294
16292
16290
16288
16286
16284
16282
16280
16278
16276
16274
16272
16270
16268
16266
16264
16262
16260
16258
16256
16254
16252
16250
16248
16246
16244
16242
16240
16238
16236
16234
16232
16230
16228
16226
16224
16222
16220
16218
16216
16214
16212
16210
16208
16206
16204
16202
16200
16198
16196
16194
16192
16190
16188
16186
16184
16182
16180
16178
16176
16174
16172
16170
16168
16166
16164
16162
16160
16158
16156
16154
16152
16150
16148
16146
16144
16142
16140
16138
16136
16134
16132
16130
16128
16126
16124
16122
16120
16118
16116
16114
16112
16110
16108
16106
16104
16102
16100
16098
16096
16094
16092
16090
16088
16086
16084
16082
16080
16078
16076
16074
16072
16070
16068
16066
16064
16062
16060
16058
16056
16054
16052
16050
16048
16046
16044
16042
16040
16038
16036
16034
16032
16030
16028
16026
16024
16022
16020
16018
16016
16014
16012
16010
16008
16006
16004
16002
16000
15998
15996
15994
15992
15990
15988
15986
15984
15982
15980
15978
15976
15974
15972
15970
15968
15966
15964
15962
15960
15958
15956
15954
15952
15950
15948
15946
15944
15942
15940
15938
15936
15934
15932
15930
15928
15926
15924
15922
15920
15918
15916
15914
15912
15910
15908
15906
15904
15902
15900
15898
15896
15894
15892
15890
15888
15886
15884
15882
15880
15878
15876
15874
15872
15870
15868
15866
15864
15862
15860
15858
15856
15854
15852
15850
15848
15846
15844
15842
15840
15838
15836
15834
15832
15830
15828
15826
15824
15822
15820
15818
15816
15814
15812
15810
15808
15806
15804
15802
15800
15798
15796
15794
15792
15790
15788
15786
15784
15782
15780
15778
15776
15774
15772
15770
15768
15766
15764
15762
15760
15758
15756
15754
15752
15750
15748
15746
15744
15742
15740
15738
15736
15734
15732
15730
15728
15726
15724
15722
15720
15718
15716
15714
15712
15710
15708
15706
15704
15702
15700
15698
15696
15694
15692
15690
15688
15686
15684
15682
15680
15678
15676
15674
15672
15670
15668
15666
15664
15662
15660
15658
15656
15654
15652
15650
15648
15646
15644
15642
15640
15638
15636
15634
15632
15630
15628
15626
15624
15622
15620
15618
15616
15614
15612
15610
15608
15606
15604
15602
15600
15598
15596
15594
15592
15590
15588
15586
15584
15582
15580
15578
15576
15574
15572
15570
15568
15566
15564
15562
15560
15558
15556
15554
15552
15550
15548
15546
15544
15542
15540
15538
15536
15534
15532
15530
15528
15526
15524
15522
15520
15518
15516
15514
15512
15510
15508
15506
15504
15502
15500
15498
15496
15494
15492
15490
15488
15486
15484
15482
15480
15478
15476
15474
15472
15470
15468
15466
15464
15462
15460
15458
15456
15454
15452
15450
15448
15446
15444
15442
15440
15438
15436
15434
15432
15430
15428
15426
15424
15422
15420
15418
15416
15414
15412
15410
15408
15406
15404
15402
15400
15398
15396
15394
15392
15390
15388
15386
15384
15382
15380
15378
15376
15374
15372
15370
15368
15366
15364
15362
15360
15358
15356
15354
15352
15350
15348
15346
15344
15342
15340
15338
15336
15334
15332
15330
15328
15326
15324
15322
15320
15318
15316
15314
15312
15310
15308
15306
15304
15302
15300
15298
15296
15294
15292
15290
15288
15286
15284
15282
15280
15278
15276
15274
15272
15270
15268
15266
15264
15262
15260
15258
15256
15254
15252
15250
15248
15246
15244
15242
15240
15238
15236
15234
15232
15230
15228
15226
15224
15222
15220
15218
15216
15214
15212
15210
15208
15206
15204
15202
15200
15198
15196
15194
15192
15190
15188
15186
15184
15182
15180
15178
15176
15174
15172
15170
15168
15166
15164
15162
15160
15158
15156
15154
15152
15150
15148
15146
15144
15142
15140
15138
15136
15134
15132
15130
15128
15126
15124
15122
15120
15118
15116
15114
15112
15110
15108
15106
15104
15102
15100
15098
15096
15094
15092
15090
15088
15086
15084
15082
15080
15078
15076
15074
15072
15070
15068
15066
15064
15062
15060
15058
15056
15054
15052
15050
15048
15046
15044
15042
15040
15038
15036
15034
15032
15030
15028
15026
15024
15022
15020
15018
15016
15014
15012
15010
15008
15006
15004
15002
15000
14998
14996
14994
14992
14990
14988
14986
14984
14982
14980
14978
14976
14974
14972
14970
14968
14966
14964
14962
14960
14958
14956
14954
14952
14950
14948
14946
14944
14942
14940
14938
14936
14934
14932
14930
14928
14926
14924
14922
14920
14918
14916
14914
14912
14910
14908
14906
14904
14902
14900
14898
14896
14894
14892
14890
14888
14886
14884
14882
14880
14878
14876
14874
14872
14870
14868
14866
14864
14862
14860
14858
14856
14854
14852
14850
14848
14846
14844
14842
14840
14838
14836
14834
14832
14830
14828
14826
14824
14822
14820
14818
14816
14814
14812
14810
14808
14806
14804
14802
14800
14798
14796
14794
14792
14790
14788
14786
14784
14782
14780
14778
14776
14774
14772
14770
14768
14766
14764
14762
14760
14758
14756
14754
14752
14750
14748
14746
14744
14742
14740
14738
14736
14734
14732
14730
14728
14726
14724
14722
14720
14718
14716
14714
14712
14710
14708
14706
14704
14702
14700
14698
14696
14694
14692
14690
14688
14686
14684
14682
14680
14678
14676
14674
14672
14670
14668
14666
14664
14662
14660
14658
14656
14654
14652
14650
14648
14646
14644
14642
14640
14638
14636
14634
14632
14630
14628
14626
14624
14622
14620
14618
14616
14614
14612
14610
14608
14606
14604
14602
14600
14598
14596
14594
14592
14590
14588
14586
14584
14582
14580
14578
14576
14574
14572
14570
14568
14566
14564
14562
14560
14558
14556
14554
14552
14550
14548
14546
14544
14542
14540
14538
14536
14534
14532
14530
14528
14526
14524
14522
14520
14518
14516
14514
14512
14510
14508
14506
14504
14502
14500
14498
14496
14494
14492
14490
14488
14486
14484
14482
14480
14478
14476
14474
14472
14470
14468
14466
14464
14462
14460
14458
14456
14454
14452
14450
14448
14446
14444
14442
14440
14438
14436
14434
14432
14430
14428
14426
14424
14422
14420
14418
14416
14414
14412
14410
14408
14406
14404
14402
14400
14398
14396
14394
14392
14390
14388
14386
14384
14382
14380
14378
14376
14374
14372
14370
14368
14366
14364
14362
14360
14358
14356
14354
14352
14350
14348
14346
14344
14342
14340
14338
14336
14334
14332
14330
14328
14326
14324
14322
14320
14318
14316
14314
14312
14310
14308
14306
14304
14302
14300
14298
14296
14294
14292
14290
14288
14286
14284
14282
14280
14278
14276
14274
14272
14270
14268
14266
14264
14262
14260
14258
14256
14254
14252
14250
14248
14246
14244
14242
14240
14238
14236
14234
14232
14230
14228
14226
14224
14222
14220
14218
14216
14214
14212
14210
14208
14206
14204
14202
14200
14198
14196
14194
14192
14190
14188
14186
14184
14182
14180
14178
14176
14174
14172
14170
14168
14166
14164
14162
14160
14158
14156
14154
14152
14150
14148
14146
14144
14142
14140
14138
14136
14134
14132
14130
14128
14126
14124
14122
14120
14118
14116
14114
14112
14110
14108
14106
14104
14102
14100
14098
14096
14094
14092
14090
14088
14086
14084
14082
14080
14078
14076
14074
14072
14070
14068
14066
14064
14062
14060
14058
14056
14054
14052
14050
14048
14046
14044
14042
14040
14038
14036
14034
14032
14030
14028
14026
14024
14022
14020
14018
14016
14014
14012
14010
14008
14006
14004
14002
14000
13998
13996
13994
13992
13990
13988
13986
13984
13982
13980
13978
13976
13974
13972
13970
13968
13966
13964
13962
13960
13958
13956
13954
13952
13950
13948
13946
13944
13942
13940
13938
13936
13934
13932
13930
13928
13926
13924
13922
13920
13918
13916
13914
13912
13910
13908
13906
13904
13902
13900
13898
13896
13894
13892
13890
13888
13886
13884
13882
13880
13878
13876
13874
13872
13870
13868
13866
13864
13862
13860
13858
13856
13854
13852
13850
13848
13846
13844
13842
13840
13838
13836
13834
13832
13830
13828
13826
13824
13822
13820
13818
13816
13814
13812
13810
13808
13806
13804
13802
13800
13798
13796
13794
13792
13790
13788
13786
13784
13782
13780
13778
13776
13774
13772
13770
13768
13766
13764
13762
13760
13758
13756
13754
13752
13750
13748
13746
13744
13742
13740
13738
13736
13734
13732
13730
13728
13726
13724
13722
13720
13718
13716
13714
13712
13710
13708
13706
13704
13702
13700
13698
13696
13694
13692
13690
13688
13686
13684
13682
13680
13678
13676
13674
13672
13670
13668
13666
13664
13662
13660
13658
13656
13654
13652
13650
13648
13646
13644
13642
13640
13638
13636
13634
13632
13630
13628
13626
13624
13622
13620
13618
13616
13614
13612
13610
13608
13606
13604
13602
13600
13598
13596
13594
13592
13590
13588
13586
13584
13582
13580
13578
13576
13574
13572
13570
13568
13566
13564
13562
13560
13558
13556
13554
13552
13550
13548
13546
13544
13542
13540
13538
13536
13534
13532
13530
13528
13526
13524
13522
13520
13518
13516
13514
13512
13510
13508
13506
13504
13502
13500
13498
13496
13494
13492
13490
13488
13486
13484
13482
13480
13478
13476
13474
13472
13470
13468
13466
13464
13462
13460
13458
13456
13454
13452
13450
13448
13446
13444
13442
13440
13438
13436
13434
13432
13430
13428
13426
13424
13422
13420
13418
13416
13414
13412
13410
13408
13406
13404
13402
13400
13398
13396
13394
13392
13390
13388
13386
13384
13382
13380
13378
13376
13374
13372
13370
13368
13366
13364
13362
13360
13358
13356
13354
13352
13350
13348
13346
13344
13342
13340
13338
13336
13334
13332
13330
13328
13326
13324
13322
13320
13318
13316
13314
13312
13310
13308
13306
13304
13302
13300
13298
13296
13294
13292
13290
13288
13286
13284
13282
13280
13278
13276
13274
13272
13270
13268
13266
13264
13262
13260
13258
13256
13254
13252
13250
13248
13246
13244
13242
13240
13238
13236
13234
13232
13230
13228
13226
13224
13222
13220
13218
13216
13214
13212
13210
13208
13206
13204
13202
13200
13198
13196
13194
13192
13190
13188
13186
13184
13182
13180
13178
13176
13174
13172
13170
13168
13166
13164
13162
13160
13158
13156
13154
13152
13150
13148
13146
13144
13142
13140
13138
13136
13134
13132
13130
13128
13126
13124
13122
13120
13118
13116
13114
13112
13110
13108
13106
13104
13102
13100
13098
13096
13094
13092
13090
13088
13086
13084
13082
13080
13078
13076
13074
13072
13070
13068
13066
13064
13062
13060
13058
13056
13054
13052
13050
13048
13046
13044
13042
13040
13038
13036
13034
13032
13030
13028
13026
13024
13022
13020
13018
13016
13014
13012
13010
13008
13006
13004
13002
13000
12998
12996
12994
12992
12990
12988
12986
12984
12982
12980
12978
12976
12974
12972
12970
12968
12966
12964
12962
12960
12958
12956
12954
12952
12950
12948
12946
12944
12942
12940
12938
12936
12934
12932
12930
12928
12926
12924
12922
12920
12918
12916
12914
12912
12910
12908
12906
12904
12902
12900
12898
12896
12894
12892
12890
12888
12886
12884
12882
12880
12878
12876
12874
12872
12870
12868
12866
12864
12862
12860
12858
12856
12854
12852
12850
12848
12846
12844
12842
12840
12838
12836
12834
12832
12830
12828
12826
12824
12822
12820
12818
12816
12814
12812
12810
12808
12806
12804
12802
12800
12798
12796
12794
12792
12790
12788
12786
12784
12782
12780
12778
12776
12774
12772
12770
12768
12766
12764
12762
12760
12758
12756
12754
12752
12750
12748
12746
12744
12742
12740
12738
12736
12734
12732
12730
12728
12726
12724
12722
12720
12718
12716
12714
12712
12710
12708
12706
12704
12702
12700
12698
12696
12694
12692
12690
12688
12686
12684
12682
12680
12678
12676
12674
12672
12670
12668
12666
12664
12662
12660
12658
12656
12654
12652
12650
12648
12646
12644
12642
12640
12638
12636
12634
12632
12630
12628
12626
12624
12622
12620
12618
12616
12614
12612
12610
12608
12606
12604
12602
12600
12598
12596
12594
12592
12590
12588
12586
12584
12582
12580
12578
12576
12574
12572
12570
12568
12566
12564
12562
12560
12558
12556
12554
12552
12550
12548
12546
12544
12542
12540
12538
12536
12534
12532
12530
12528
12526
12524
12522
12520
12518
12516
12514
12512
12510
12508
12506
12504
12502
12500
12498
12496
12494
12492
12490
12488
12486
12484
12482
12480
12478
12476
12474
12472
12470
12468
12466
12464
12462
12460
12458
12456
12454
12452
12450
12448
12446
12444
12442
12440
12438
12436
12434
12432
12430
12428
12426
12424
12422
12420
12418
12416
12414
12412
12410
12408
12406
12404
12402
12400
12398
12396
12394
12392
12390
12388
12386
12384
12382
12380
12378
12376
12374
12372
12370
12368
12366
12364
12362
12360
12358
12356
12354
12352
12350
12348
12346
12344
12342
12340
12338
12336
12334
12332
12330
12328
12326
12324
12322
12320
12318
12316
12314
12312
12310
12308
12306
12304
12302
12300
12298
12296
12294
12292
12290
12288
12286
12284
12282
12280
12278
12276
12274
12272
12270
12268
12266
12264
12262
12260
12258
12256
12254
12252
12250
12248
12246
12244
12242
12240
12238
12236
12234
12232
12230
12228
12226
12224
12222
12220
12218
12216
12214
12212
12210
12208
12206
12204
12202
12200
12198
12196
12194
12192
12190
12188
12186
12184
12182
12180
12178
12176
12174
12172
12170
12168
12166
12164
12162
12160
12158
12156
12154
12152
12150
12148
12146
12144
12142
12140
12138
12136
12134
12132
12130
12128
12126
12124
12122
12120
12118
12116
12114
12112
12110
12108
12106
12104
12102
12100
12098
12096
12094
12092
12090
12088
12086
12084
12082
12080
12078
12076
12074
12072
12070
12068
12066
12064
12062
12060
12058
12056
12054
12052
12050
12048
12046
12044
12042
12040
12038
12036
12034
12032
12030
12028
12026
12024
12022
12020
12018
12016
12014
12012
12010
12008
12006
12004
12002
12000
11998
11996
11994
11992
11990
11988
11986
11984
11982
11980
11978
11976
11974
11972
11970
11968
11966
11964
11962
11960
11958
11956
11954
11952
11950
11948
11946
11944
11942
11940
11938
11936
11934
11932
11930
11928
11926
11924
11922
11920
11918
11916
11914
11912
11910
11908
11906
11904
11902
11900
11898
11896
11894
11892
11890
11888
11886
11884
11882
11880
11878
11876
11874
11872
11870
11868
11866
11864
11862
11860
11858
11856
11854
11852
11850
11848
11846
11844
11842
11840
11838
11836
11834
11832
11830
11828
11826
11824
11822
11820
11818
11816
11814
11812
11810
11808
11806
11804
11802
11800
11798
11796
11794
11792
11790
11788
11786
11784
11782
11780
11778
11776
11774
11772
11770
11768
11766
11764
11762
11760
11758
11756
11754
11752
11750
11748
11746
11744
11742
11740
11738
11736
11734
11732
11730
11728
11726
11724
11722
11720
11718
11716
11714
11712
11710
11708
11706
11704
11702
11700
11698
11696
11694
11692
11690
11688
11686
11684
11682
11680
11678
11676
11674
11672
11670
11668
11666
11664
11662
11660
11658
11656
11654
11652
11650
11648
11646
11644
11642
11640
11638
11636
11634
11632
11630
11628
11626
11624
11622
11620
11618
11616
11614
11612
11610
11608
11606
11604
11602
11600
11598
11596
11594
11592
11590
11588
11586
11584
11582
11580
11578
11576
11574
11572
11570
11568
11566
11564
11562
11560
11558
11556
11554
11552
11550
11548
11546
11544
11542
11540
11538
11536
11534
11532
11530
11528
11526
11524
11522
11520
11518
11516
11514
11512
11510
11508
11506
11504
11502
11500
11498
11496
11494
11492
11490
11488
11486
11484
11482
11480
11478
11476
11474
11472
11470
11468
11466
11464
11462
11460
11458
11456
11454
11452
11450
11448
11446
11444
11442
11440
11438
11436
11434
11432
11430
11428
11426
11424
11422
11420
11418
11416
11414
11412
11410
11408
11406
11404
11402
11400
11398
11396
11394
11392
11390
11388
11386
11384
11382
11380
11378
11376
11374
11372
11370
11368
11366
11364
11362
11360
11358
11356
11354
11352
11350
11348
11346
11344
11342
11340
11338
11336
11334
11332
11330
11328
11326
11324
11322
11320
11318
11316
11314
11312
11310
11308
11306
11304
11302
11300
11298
11296
11294
11292
11290
11288
11286
11284
11282
11280
11278
11276
11274
11272
11270
11268
11266
11264
11262
11260
11258
11256
11254
11252
11250
11248
11246
11244
11242
11240
11238
11236
11234
11232
11230
11228
11226
11224
11222
11220
11218
11216
11214
11212
11210
11208
11206
11204
11202
11200
11198
11196
11194
11192
11190
11188
11186
11184
11182
11180
11178
11176
11174
11172
11170
11168
11166
11164
11162
11160
11158
11156
11154
11152
11150
11148
11146
11144
11142
11140
11138
11136
11134
11132
11130
11128
11126
11124
11122
11120
11118
11116
11114
11112
11110
11108
11106
11104
11102
11100
11098
11096
11094
11092
11090
11088
11086
11084
11082
11080
11078
11076
11074
11072
11070
11068
11066
11064
11062
11060
11058
11056
11054
11052
11050
11048
11046
11044
11042
11040
11038
11036
11034
11032
11030
11028
11026
11024
11022
11020
11018
11016
11014
11012
11010
11008
11006
11004
11002
11000
10998
10996
10994
10992
10990
10988
10986
10984
10982
10980
10978
10976
10974
10972
10970
10968
10966
10964
10962
10960
10958
10956
10954
10952
10950
10948
10946
10944
10942
10940
10938
10936
10934
10932
10930
10928
10926
10924
10922
10920
10918
10916
10914
10912
10910
10908
10906
10904
10902
10900
10898
10896
10894
10892
10890
10888
10886
10884
10882
10880
10878
10876
10874
10872
10870
10868
10866
10864
10862
10860
10858
10856
10854
10852
10850
10848
10846
10844
10842
10840
10838
10836
10834
10832
10830
10828
10826
10824
10822
10820
10818
10816
10814
10812
10810
10808
10806
10804
10802
10800
10798
10796
10794
10792
10790
10788
10786
10784
10782
10780
10778
10776
10774
10772
10770
10768
10766
10764
10762
10760
10758
10756
10754
10752
10750
10748
10746
10744
10742
10740
10738
10736
10734
10732
10730
10728
10726
10724
10722
10720
10718
10716
10714
10712
10710
10708
10706
10704
10702
10700
10698
10696
10694
10692
10690
10688
10686
10684
10682
10680
10678
10676
10674
10672
10670
10668
10666
10664
10662
10660
10658
10656
10654
10652
10650
10648
10646
10644
10642
10640
10638
10636
10634
10632
10630
10628
10626
10624
10622
10620
10618
10616
10614
10612
10610
10608
10606
10604
10602
10600
10598
10596
10594
10592
10590
10588
10586
10584
10582
10580
10578
10576
10574
10572
10570
10568
10566
10564
10562
10560
10558
10556
10554
10552
10550
10548
10546
10544
10542
10540
10538
10536
10534
10532
10530
10528
10526
10524
10522
10520
10518
10516
10514
10512
10510
10508
10506
10504
10502
10500
10498
10496
10494
10492
10490
10488
10486
10484
10482
10480
10478
10476
10474
10472
10470
10468
10466
10464
10462
10460
10458
10456
10454
10452
10450
10448
10446
10444
10442
10440
10438
10436
10434
10432
10430
10428
10426
10424
10422
10420
10418
10416
10414
10412
10410
10408
10406
10404
10402
10400
10398
10396
10394
10392
10390
10388
10386
10384
10382
10380
10378
10376
10374
10372
10370
10368
10366
10364
10362
10360
10358
10356
10354
10352
10350
10348
10346
10344
10342
10340
10338
10336
10334
10332
10330
10328
10326
10324
10322
10320
10318
10316
10314
10312
10310
10308
10306
10304
10302
10300
10298
10296
10294
10292
10290
10288
10286
10284
10282
10280
10278
10276
10274
10272
10270
10268
10266
10264
10262
10260
10258
10256
10254
10252
10250
10248
10246
10244
10242
10240
10238
10236
10234
10232
10230
10228
10226
10224
10222
10220
10218
10216
10214
10212
10210
10208
10206
10204
10202
10200
10198
10196
10194
10192
10190
10188
10186
10184
10182
10180
10178
10176
10174
10172
10170
10168
10166
10164
10162
10160
10158
10156
10154
10152
10150
10148
10146
10144
10142
10140
10138
10136
10134
10132
10130
10128
10126
10124
10122
10120
10118
10116
10114
10112
10110
10108
10106
10104
10102
10100
10098
10096
10094
10092
10090
10088
10086
10084
10082
10080
10078
10076
10074
10072
10070
10068
10066
10064
10062
10060
10058
10056
10054
10052
10050
10048
10046
10044
10042
10040
10038
10036
10034
10032
10030
10028
10026
10024
10022
10020
10018
10016
10014
10012
10010
10008
10006
10004
10002
10000
