7144
6294
328
4884
4474
7122
9920
3000
876
9858
5664
394
942
8556
6798
7536
1492
3568
7188
990
542
5894
6542
430
6630
1748
2430
9366
1986
9870
2656
9004
5670
1506
9774
2700
4106
6628
6568
2500
4580
4544
2492
7746
2836
1660
8930
1982
4320
5854
8064
4138
8484
2608
7330
4900
692
4058
5390
64
1180
1548
244
874
9764
5396
4002
8238
6902
6310
6864
6544
3502
8496
2990
4134
6546
4840
7636
4558
8822
890
702
144
7366
3538
5776
3546
7916
6846
3128
7222
1394
5972
8456
7214
6186
7486
8388
8708
2854
9182
8866
980
6150
2716
5384
8768
6994
4788
1146
1470
9252
6254
1068
3618
2206
6714
2256
3276
8284
9950
2978
4108
8508
9014
4302
2040
6100
4824
1184
1536
522
6166
8144
5702
9446
6802
3756
8502
7976
3350
8176
1094
4792
2238
5216
1092
9464
1002
6900
9058
7864
2860
7408
7350
1100
2382
568
3304
3462
7970
7678
5504
6328
5472
4066
2020
9038
6066
9282
8606
8660
836
792
5584
6552
8810
976
8676
1114
1472
9704
358
2898
5324
4628
1344
7752
6810
3456
2150
88
8880
7668
1464
1876
632
1448
7954
340
6142
8074
4246
4996
628
6194
1256
9594
9328
5882
8734
9752
6010
9854
140
4158
9962
2332
4534
8432
824
1006
2764
1392
2718
3488
9596
4324
1984
5418
1714
4714
3746
7310
5432
6032
9422
10
116
6490
6588
9134
4782
8232
1864
9588
2464
246
5806
1352
5818
5004
7154
6242
6358
5934
1690
2794
4532
4552
7984
4844
3532
854
3296
4300
9796
6312
6894
5904
8732
7956
8616
7566
1010
5822
4018
2280
6922
8806
7592
6174
2542
5302
9838
360
8198
6964
5862
4240
3990
2520
8282
7502
3570
506
4974
5918
5122
4968
9292
5530
1628
362
292
7744
7794
3954
3260
9784
4538
8664
4394
7192
6042
7046
5730
6618
7012
3114
2452
7102
9778
1816
6762
5230
1244
4024
1508
7152
1770
224
6704
1060
460
408
1050
1484
4800
7022
3318
4356
9582
5532
7966
2368
4674
7416
5496
2856
1952
1368
274
668
918
6096
4638
1284
9864
4718
606
7618
7468
6866
4440
9360
198
8876
4684
1454
672
2004
784
6766
4606
5074
2706
5422
2776
3198
3760
8588
7878
1362
5306
9088
9650
1432
5340
3850
6656
6314
2388
56
7704
2128
2170
8622
920
9700
3166
3380
6642
2924
1208
7460
4328
9654
9474
4918
7466
924
580
4754
9268
5554
5326
9826
6102
7302
7684
8472
8626
4172
3482
1926
4094
8886
2208
2658
3778
2742
3740
4312
4526
810
3110
850
9980
1692
796
18
7352
5560
3212
8774
6712
4528
9248
6322
6908
8964
9380
2414
3064
6706
2848
7278
9208
5944
3678
2034
7126
9460
2690
2460
3970
2874
4500
5660
9174
4310
7526
936
1772
5748
5648
534
2538
4732
9216
538
3660
8292
5960
6764
6782
8854
6004
5060
9898
4654
7906
5128
4390
4012
1138
1722
90
9096
5796
3206
5832
6088
6398
5672
3142
586
7698
3158
4188
130
8272
3558
4952
2754
3448
6854
5642
3072
9326
5930
5248
2226
2146
832
5902
5540
2950
1608
5638
7010
9644
4102
676
3716
6560
9696
6660
6400
2084
5146
7292
4876
2528
6372
4808
3578
5948
9102
6582
1796
2488
4306
7836
4880
8544
5616
4752
5370
9256
7016
5676
9466
6216
9580
9396
2842
4982
4180
5786
4758
5550
4762
8346
9574
1168
4484
8458
9388
4110
3378
2246
7726
4416
9666
8440
8942
5062
94
8050
4692
9592
7770
5106
7904
4472
3140
2258
2224
2568
3604
8124
514
2372
2448
3346
6006
4906
9552
2952
9212
3286
5426
572
1450
9708
8860
4724
7952
8024
2038
4412
9098
3974
5150
1430
3224
3562
9624
9404
3032
3348
4492
364
1398
4360
3322
1260
5354
9286
7334
4430
1762
6462
830
480
6750
9240
9550
7822
1996
8056
2496
7888
9884
9044
4668
4458
524
8058
5260
3102
6362
3586
3698
8168
3148
8518
4186
3394
1972
3520
9504
8770
6408
2760
3788
2982
4574
3240
6858
2640
3918
9638
488
8718
3686
1104
5380
8648
6996
1650
7578
3688
6826
8526
9414
2912
3748
1726
3800
8184
4810
1890
5136
596
2908
9652
5768
2828
6570
8674
7808
3548
2756
6924
6710
7756
2138
6296
6878
6172
68
3774
5446
6716
858
4506
3566
9444
620
3416
3302
3136
6110
7790
6784
3262
2862
4704
2888
8054
678
1236
6128
9462
1976
5008
174
4388
8376
5790
2024
6290
930
5238
4314
6514
6428
8974
5202
1820
1020
7472
6048
5938
422
6774
806
8344
3504
9034
7600
7204
1862
9032
30
6120
8714
1574
4332
7346
5916
350
2976
2662
1658
8094
802
8412
9600
8752
9684
384
2772
9848
3772
228
9160
1034
9128
2720
6970
3372
3222
9836
3306
2350
6176
9364
7314
6538
4624
8840
8868
984
168
8026
2564
4660
282
1220
7632
8078
7604
2748
5192
4690
3428
3486
1038
2196
320
1258
5942
7972
4620
5002
7936
8462
8688
8098
4662
6420
1512
7246
7754
48
8808
3824
3326
1974
3424
8836
6828
9874
6438
3436
1446
2318
8248
1666
4934
4034
9024
6132
7020
1784
4522
9828
3940
6044
4568
562
236
3126
92
8976
8178
5338
3804
5856
4770
8870
9436
5644
688
7426
6672
1176
186
9056
8562
458
7560
8802
6
1794
570
6516
9712
6938
1372
4592
7638
8338
9780
4602
6236
7244
4120
2168
8572
8742
7014
7400
5240
1268
5198
2738
1062
5692
7626
3010
9246
7832
6184
5996
9548
8694
1428
3312
3342
2704
8546
4006
6632
8862
2056
3244
2896
3652
2504
9872
4370
3674
8102
2578
1580
6842
2270
4162
5574
2234
9342
9810
1570
3728
7296
1886
9390
5076
8538
1826
1322
9688
2712
6076
9418
8724
4254
5940
8828
6832
2996
80
2018
9954
2390
960
8384
9262
9740
6992
6524
2878
420
6060
438
708
1218
1928
5424
7874
6874
2752
1990
9122
7340
8794
9334
100
8716
4194
4966
7458
5208
2670
14
9766
2968
4152
5420
4656
5534
7274
6936
1868
1700
496
5428
5398
6074
8174
8188
2100
1420
3508
9450
2986
154
2936
2714
5546
7762
2832
834
8580
386
8680
9586
5756
296
7998
158
8586
1404
3924
5406
3786
7116
2580
1266
288
1736
3962
3524
870
220
1716
1656
6940
6000
4830
7802
3478
4252
2600
1314
7224
9514
1066
4198
590
2770
4260
1854
5962
8262
6436
9620
1134
8618
560
3270
6442
3426
7784
1106
8888
8640
734
748
4888
4510
9258
2458
1800
704
3218
9676
9440
7988
9978
2548
6834
8302
3430
9308
2348
9760
5840
2884
7398
1590
4972
194
3796
4970
760
3856
6520
4264
864
4726
6850
1920
1048
9244
1752
7358
5040
574
8760
6058
1098
7362
8470
7908
5440
5254
6012
3576
8006
286
5408
4644
9716
5802
4466
1090
952
3356
8938
8134
3584
6998
4486
6956
2
6180
9772
302
382
8426
1128
9492
4214
3082
2866
7040
1318
8464
3630
5974
3914
1324
6736
2144
6284
6664
1546
5262
4156
5056
5072
1550
8204
900
2340
6724
8700
7430
3454
9304
5908
6416
2572
6982
2086
1728
3282
994
3922
1866
3178
3620
4988
6346
6852
8000
3266
3264
4236
4032
730
3248
998
782
2972
6464
9866
9420
5968
5362
3184
7960
5508
940
7896
2786
3700
9136
6454
2910
3718
912
3544
1746
5522
8914
7556
8970
3554
1680
1944
612
5884
3174
1462
3986
8678
6154
2284
4042
652
8182
6078
3916
2724
9566
7722
686
8740
9488
736
1724
2728
8352
9632
1804
9572
4250
3834
5556
5184
8474
6796
84
4072
7724
1240
1906
6962
3200
1668
5070
24
9320
9028
2490
2762
6014
3012
6604
1662
1206
2650
742
5182
5476
26
7674
2116
7830
3928
6792
5500
8034
3814
8254
4038
1286
8082
6610
7768
2422
1356
9972
86
8060
664
6492
3154
8892
4632
6512
1756
8954
6052
5696
8512
9706
1110
3418
5860
746
9498
1298
318
248
3104
7382
2988
1300
1760
6556
6786
3316
1026
7464
4746
6608
4056
8552
8614
8150
9612
4578
9230
1486
28
6674
4670
3422
774
5690
8520
582
4226
82
6978
1166
5820
7820
9640
9478
9686
2524
8812
9530
8704
2798
804
1418
6680
9814
1824
3144
4402
4512
4960
8020
1088
5438
4308
8090
9290
8358
3892
7880
7396
6718
7084
7098
1792
6598
8362
7166
8136
3594
5800
6138
2186
1780
6860
680
2768
1938
9890
1080
1858
8046
9728
136
1274
3662
9894
3912
8400
8632
5470
4174
4148
1376
4696
4872
5506
3830
9670
9970
2194
6210
9794
7730
66
7300
9636
4866
3480
7476
2926
8988
5464
5718
9298
7732
8960
3320
2178
5166
4980
6444
9166
3336
2522
2708
3514
5292
7968
530
6720
2108
2498
4786
6488
5442
36
9108
2556
1834
926
2046
8918
5682
6740
934
1918
8170
5156
9076
7234
490
7092
2850
7630
6054
7996
1640
7506
8350
5836
9672
1112
272
9598
1262
7456
3552
3100
2796
8454
1310
2364
6666
9358
7238
6990
1822
3070
724
8582
838
8264
8214
8038
2006
9996
3668
7034
4112
8796
7320
6082
472
7434
6410
4928
5456
9570
6384
5412
1840
1408
2454
3400
1678
3058
4530
3624
2930
2536
5900
4442
8234
5896
8958
8838
7512
4450
7448
8864
6342
3042
7368
8904
4304
2102
7882
2228
4326
9090
3736
6722
476
7852
5252
1538
4820
9820
372
826
5582
8236
4540
5436
4730
6600
5792
4936
1078
7384
5956
1602
8890
1044
2852
9192
8336
5816
2022
7354
1712
4642
6402
2594
1970
5280
8946
2088
2420
8884
7652
2644
4932
1194
7694
3138
5760
7804
7378
8592
2334
250
1342
5172
6658
2446
2320
9236
6280
5218
5160
3900
3020
9738
9468
2994
1130
5494
3442
2064
5566
9350
6036
1142
426
2212
102
5270
2118
1108
5368
5404
2344
988
278
8574
7140
6708
1594
6502
212
4432
8118
2824
1900
2624
2510
20
2962
5576
160
2322
5388
2508
9608
2632
7498
8160
4218
616
7712
8748
9642
4122
5710
6440
2220
8604
6136
2406
7170
5812
5980
2216
7256
7100
9892
5102
2000
6634
5450
644
6248
564
7564
7058
2834
2774
4478
7228
2816
8900
3094
6768
2054
8270
3370
6152
4448
4508
8276
1264
9430
3858
3046
7260
1224
5646
6134
74
9398
3810
7174
270
6190
6474
914
5206
8298
2078
8220
5158
5878
3898
62
6942
2410
4598
9300
7738
3156
5048
6266
9196
3050
2072
2746
5104
1378
3540
7680
5482
7266
9816
2222
3080
9974
1698
2966
3792
2230
424
5348
5590
7826
6688
4736
2846
1490
8754
4016
3872
8228
3230
7570
9822
7030
400
2974
3694
3252
8428
5762
5514
3122
9606
4626
4636
446
6584
8910
4588
9732
5320
8906
4910
8108
1916
9048
5138
2402
1288
3612
6960
388
6020
6170
7646
4688
8730
4798
9900
5548
8630
8224
4414
414
1222
7760
2530
9798
9540
7798
7714
6202
6592
1842
196
8438
5544
7978
510
9584
9162
5932
5140
6590
6612
598
5298
9180
306
4132
2470
6946
1416
7650
1790
5152
4898
316
896
4160
9400
166
4346
2302
5278
5452
5914
6760
2306
2296
1302
5290
6838
3880
484
9140
6904
4000
7454
6836
1710
8380
7062
1642
3056
3492
1320
3592
2250
6890
5834
9066
3864
4648
2680
8164
7894
820
7440
9896
1878
9952
6458
1058
9590
6250
3968
8258
4600
3588
7758
8830
2408
5936
5684
5492
6046
3726
8230
2156
7872
2566
4804
6016
7550
9986
5640
1980
7094
8404
9496
3762
0
128
7230
4380
7114
1024
5502
4090
5990
6756
6330
3926
592
4916
7218
8980
8646
7898
1774
5538
6624
8310
6876
6928
2014
948
4832
2630
7112
8686
9480
3744
3696
1624
5050
9936
3412
1494
860
1410
5042
966
3328
5416
3096
2132
7410
4184
134
1786
9434
3770
5344
2780
7962
474
4796
516
3226
226
6204
232
1638
5224
9412
3120
1482
8106
9036
1586
4010
7558
7254
3642
5032
3464
9714
1676
6638
122
7156
3036
3116
3882
4204
962
4604
5148
3650
3766
7086
1022
7438
8874
4494
6888
5636
6952
9662
2652
4768
4658
6374
932
9392
5714
7142
1334
5028
3512
5650
2512
3664
1248
3868
180
4524
8482
2096
7614
8644
7786
8368
9926
238
6086
2474
3988
5630
266
9186
214
5414
8156
6370
8028
1688
2134
4464
1934
6976
3854
8104
7816
7700
7088
3600
8268
4614
9932
5244
5888
8766
9144
6586
7120
3742
4504
4584
4146
9458
330
2252
694
6062
9518
2236
4852
3048
2026
2590
3388
7374
1880
7736
7186
4912
336
5288
8550
4826
546
5794
2110
1946
6432
518
7702
1200
8308
5586
1904
8776
5086
928
9578
4678
1994
5624
1084
8762
9618
396
5454
3084
7902
8570
6270
1610
4672
2518
8132
2620
2330
3780
6452
1694
4874
6910
6508
1856
5634
5876
4954
3358
1118
4052
1426
6684
410
9718
7018
256
9842
880
1136
4290
7812
54
4616
1496
3932
2214
2450
2336
3438
3220
2920
9876
5998
3182
9266
9378
6818
5386
9194
4622
5126
3092
1116
2964
7710
1436
8852
5824
6364
5662
6226
622
5162
3944
2782
2190
5212
1466
2028
7654
9156
8206
324
7178
1646
6694
4054
6926
3634
892
1682
7076
6258
2354
8392
3132
352
3194
8982
5674
3724
7910
4630
2440
1518
8154
6218
868
6918
5928
9424
1892
6392
9602
492
6528
5328
2502
452
3636
9394
8820
4870
1438
7932
2858
4136
1616
4784
8402
9222
1282
4446
852
1360
1806
8032
412
7584
2906
3398
6018
722
740
7520
6478
9372
3352
6500
8080
6274
3998
3528
4232
5016
8406
2074
7964
4208
3052
9456
4
8084
5628
5330
2494
280
9116
7190
718
392
3832
6188
904
3074
2328
7944
6026
3028
9426
9120
8478
4554
7658
2166
7554
2240
3806
6620
9402
7594
4572
8758
2482
7324
6246
8088
2872
2016
5970
906
6156
4950
8554
3606
9922
8500
5332
1292
9736
9510
2264
7376
6286
2616
5536
7172
2900
8764
7138
7782
8010
7920
5346
4682
6920
2586
9522
4608
1056
7148
9168
6898
1162
8370
5804
9956
7540
1614
5520
2160
3472
172
8120
6196
6882
5318
8126
7328
4286
4124
8566
3692
2114
4434
9012
2232
3708
5026
7164
7050
1798
3470
9118
52
6730
8832
8140
2198
2892
4392
3906
1316
2584
1802
2432
6326
8374
1754
812
4274
4342
2810
2048
1932
2814
222
5844
6476
3994
254
3956
1738
8486
7890
9214
218
7338
4404
8162
366
8226
2286
8564
9270
7586
2316
2082
7676
4948
8992
9346
548
3842
2076
2660
8658
206
7728
9482
2278
7202
2304
2932
6354
4480
9628
2062
2148
8516
344
2444
216
7666
9648
5880
894
2070
2294
5778
9524
5868
2290
9880
4282
6334
3278
7252
9888
9878
9850
5372
5708
3782
8466
4490
4618
2732
9210
1814
3596
4336
9626
2800
3410
1582
6562
1124
3088
4498
8012
5462
4896
9344
4886
6090
9928
1872
4378
8416
9562
5092
2276
2812
5232
1958
7524
1636
3818
3910
6526
2998
9702
1844
1960
348
466
5728
9074
9218
3536
7298
58
3952
6222
1998
5750
242
4748
44
4814
6494
5210
8896
4080
2112
818
7810
9082
8596
4386
2942
3542
4646
50
1294
8624
1148
5890
4276
3384
9726
7552
5784
6758
8492
2210
3888
5758
6480
1440
5626
2438
5874
618
8066
6386
8788
8410
558
5382
3440
4470
9442
2666
7568
9234
9030
5588
9080
5058
9126
7660
3022
1912
6376
8506
6424
6252
210
7294
8842
1414
8698
3808
750
9490
4398
5706
6564
8418
7262
5284
2634
6144
1978
4154
7588
4296
4088
1730
8962
2274
3180
3972
4104
2248
5842
1338
9694
8366
8340
3714
4858
9536
6164
2558
7706
9054
5788
4372
3946
1758
3310
1102
6414
8834
4890
4850
7478
3646
512
8576
5592
3038
2400
814
8240
8
3272
3406
1558
4376
1196
5296
3004
7168
8610
9556
7580
7220
6482
3768
5196
6690
9470
9824
2162
7394
9078
4712
7900
2370
7024
3446
9288
4224
3976
3476
6220
9846
2484
8212
1520
9944
2664
5376
9428
1308
7474
6820
3274
126
1832
9272
3876
2380
6744
1744
9336
4230
6140
3776
8986
3828
1424
2288
3014
9526
8146
856
6950
7504
9006
6272
8786
7332
7248
2008
4708
8334
4270
6934
4262
9084
7620
9114
6070
70
660
9280
6886
7792
1364
300
258
716
5090
9284
4142
648
8194
482
1810
2792
7064
7048
9560
5964
9802
1578
124
7510
502
3616
3340
3300
3298
4722
1382
3106
7158
7008
6650
6160
9000
1742
2442
7606
636
8040
1950
40
7532
6892
2436
7688
2154
6614
5366
4828
3386
6332
2562
4612
3192
3908
8114
6126
8990
9800
2418
7444
8608
1720
6232
3862
8306
4092
9226
6646
7184
9508
5264
7208
4926
7134
354
5606
368
1226
6968
164
9988
4756
1132
3640
7304
6282
9678
7624
5358
5848
6304
8180
9452
7824
9020
1620
8172
9512
8692
9314
4420
2526
3878
8998
3024
8744
7442
4384
790
3258
4130
7690
3638
5552
6678
2362
8256
6214
9486
7344
3364
9830
4868
630
1120
4452
4864
4720
3202
5054
7884
3338
4834
1172
2928
2626
2868
726
3534
12
6932
986
5596
8356
9538
6470
1956
1924
7250
7986
946
884
3896
5666
6228
5484
3236
1202
7108
8642
7356
8720
800
6368
2984
6388
2612
9016
4514
2642
7418
3598
2396
3522
6986
5334
4278
7644
5194
9494
3614
2358
9568
4168
3866
3672
1228
9294
6426
9782
4958
4564
4790
2394
8312
9990
152
7934
8360
8814
8540
398
3060
6068
7392
5892
8328
6238
8594
3250
4962
5602
9438
5034
3648
1896
5314
982
1622
9906
5228
8128
8096
6002
8052
6522
7748
3950
8928
108
8826
1246
7740
7774
4652
5180
7868
8684
3268
9302
9362
4040
1304
4462
7612
5118
1560
4074
2204
8790
9448
2546
2882
5740
6794
5828
8706
964
6360
4582
6732
1540
3602
9332
886
2918
4354
902
9112
9818
230
2602
4842
638
7574
6870
3670
2610
2648
5694
4426
1566
1908
1888
738
2954
9646
9274
6576
7980
4036
5242
7276
3764
3344
1910
3026
8252
6244
1178
2106
6288
950
7336
8186
1734
1964
7942
6816
8296
1296
7036
5680
3732
5516
7078
7766
8196
2622
4994
3560
7004
7432
2308
184
5052
9340
6158
8872
7780
7492
2338
4166
440
6192
4272
1444
4914
4238
8446
7480
910
462
8152
3820
1568
1652
6790
4222
3984
2604
6498
5518
4192
2126
9250
6208
1336
7390
7974
8656
1664
5266
8922
2820
9130
6616
8972
5604
9790
7372
4046
8286
2010
1706
4266
322
5134
6024
3238
96
9622
9948
9904
4374
6418
8468
8638
2104
2722
4838
3904
1808
9408
6168
700
468
9164
1740
7518
5080
8722
8738
6472
9792
6350
7844
9532
972
432
4004
2614
6868
1156
8532
3044
5652
4990
4728
8536
4298
5798
9558
3572
626
4956
3392
6746
816
204
8122
3354
3040
4586
6148
654
2698
3948
7788
7982
9852
4164
9690
5098
6548
9138
3382
5922
5858
428
9886
454
5214
3666
390
4542
3374
7664
7640
3750
4750
3684
7538
666
6104
9454
7420
5950
182
2938
4666
2476
7128
2674
5954
4640
5618
6206
9306
2618
7070
6338
8902
9910
7858
4248
7848
7436
9680
4366
4410
8994
848
2702
7240
3526
6450
5246
2592
1270
1030
2456
3054
5222
5978
584
6182
9744
4576
5958
170
5986
5924
1042
9260
9520
8044
7370
5524
7406
8062
9856
8756
326
3314
2360
7622
4178
2766
8498
5780
456
3452
4202
1992
2478
7002
1452
5656
5594
4702
9940
7778
2980
7232
3368
1174
6824
6654
294
5342
7886
7928
9242
6234
4984
9264
1674
3134
4078
6212
4170
9984
3706
2188
3294
696
4026
1384
6606
1812
262
132
866
6748
6506
2080
5176
8480
552
7958
2472
3112
974
7530
2570
1630
5316
1936
8018
3256
378
7286
7776
808
3518
4350
2260
5066
7200
5294
9354
7038
1214
2806
6728
9668
8778
2462
8924
7288
6916
6198
3890
6316
8372
778
3812
6114
2826
8246
1064
7484
4738
9106
9748
7056
5064
5236
6754
6558
8200
498
9278
3490
5142
2058
9042
9564
8488
6486
520
3846
822
1948
8798
3078
9958
7800
3978
5852
2314
3530
9692
8578
656
4128
9104
5466
5434
3090
5724
7856
2668
6906
7818
6944
4930
8530
2638
5190
842
356
594
8330
2890
9914
162
78
7054
1122
4594
6112
8668
4772
6340
8216
2740
6948
6448
9184
4802
9998
6626
2122
9060
8558
5174
8746
698
8736
9882
7462
6644
2598
3506
6742
2894
2272
8612
9682
5498
978
1396
1510
106
176
3408
7914
6752
7522
9938
8452
6356
8528
1632
1922
9022
5926
2960
5110
1366
2412
3390
7226
190
5038
8424
2636
1914
7892
1468
7052
1556
714
4116
5312
8382
5774
9330
3580
8022
1708
9746
1434
7000
8542
7796
76
5474
8670
268
7342
7734
6534
1852
9026
2944
2880
3214
1390
8878
6806
8130
772
1528
6578
9776
1154
8476
8222
6738
8250
3798
1704
1238
662
7850
1576
7176
1502
5808
5188
3826
4860
1140
442
4560
3376
4200
6098
1340
264
6726
4444
6080
7494
6240
2466
5144
7428
2688
7284
882
5400
764
8932
8944
5336
916
9840
3836
1000
5168
8364
260
9238
1606
8210
7042
1402
9190
6510
762
8436
5006
6772
532
3008
2042
5994
7912
872
2032
7044
2060
1332
5752
2434
9722
5322
2254
1514
3816
6984
6302
3402
5700
3164
1076
1276
2958
9544
9908
898
3936
4062
1460
8824
7488
72
6064
7750
1530
1522
1554
8448
1850
8948
8014
9228
5478
5864
758
6844
2468
7866
118
3884
7930
4212
6702
310
8138
2124
7236
4742
5814
2386
2392
9064
9206
5988
9946
5510
42
4060
1526
9220
6848
4284
1354
7360
2734
4352
9542
7198
992
786
5742
554
1894
7280
7610
6406
7616
2366
1278
2486
3840
7182
7028
200
8662
8396
2326
9610
7742
5094
5234
332
1456
6124
6348
9092
7380
6118
9224
4220
5114
2922
9432
3734
2588
7834
3510
6572
16
5870
3002
6808
968
6496
9576
9994
7994
4030
3844
7132
3982
2696
6122
2300
4734
5810
4340
1552
5568
2480
7528
7180
1718
4144
6050
9756
2426
5272
9930
9758
526
6460
8934
9086
5282
6030
1312
9472
7404
7290
6224
4118
9072
776
1644
4920
4082
4022
744
4008
5686
5598
3332
4882
7924
2244
794
6770
2864
1008
1830
478
1188
2736
5490
3930
1488
3124
2682
3852
5898
6178
7130
9966
2678
4244
3654
2066
8584
3160
6550
8652
3682
6434
1054
98
3992
1848
6780
6094
844
3062
3720
3730
5614
4942
142
9500
4454
7828
3564
6580
1782
5610
9312
4908
2068
7862
9604
8568
4338
6380
5300
4422
4216
5022
6812
770
1212
9942
9204
2180
7162
3420
3066
1250
3874
2136
9968
1584
5024
7424
6412
4400
8322
4428
7608
9868
3958
9916
2750
3076
3938
3980
4020
780
8950
8800
9964
1052
8690
7496
9046
6262
6396
1564
6430
9110
3556
8908
5012
6468
4476
6532
508
1072
1954
1242
2676
7412
1406
4766
3758
2916
3030
6264
6298
4280
3330
7446
2606
5726
7500
9976
5014
374
9158
8792
9516
6072
8008
7682
7548
6084
5044
2554
5108
3254
938
8192
2902
4496
4068
2818
958
4922
8444
5782
4076
4292
7576
2292
7720
5258
5772
4294
6404
9982
6696
8398
922
2758
5580
9546
4590
5846
5226
6912
2532
1764
4816
1544
2870
7718
4634
9338
5308
6930
9528
6022
4140
6966
2804
3242
6260
7544
9068
1572
690
4516
5910
4182
8430
5186
1230
7242
8332
1046
370
6318
7648
4848
2182
4978
684
3712
4176
4114
120
8848
9052
8598
2596
7870
4818
8190
5906
5082
3204
6530
112
6648
8422
1500
8354
3710
1648
2012
1702
8314
1170
1732
8092
828
5256
5722
5734
4854
4774
3186
1534
4940
5304
7388
1096
4924
7842
3610
9660
7450
418
8242
5112
2778
3130
3172
9368
7482
798
2844
1388
1968
240
5542
3196
7402
5578
2218
6146
3150
4234
3960
2282
2052
8290
1014
3458
4256
5608
5622
578
8654
2094
1778
5020
9410
5010
9630
7386
5850
670
7316
6662
4902
5946
7860
2784
674
1330
2550
6896
9742
7672
8858
610
4548
7686
540
1618
7516
2092
8728
5030
9918
1380
5826
7348
9616
3234
8726
4878
444
8324
1192
7206
3018
614
6306
3574
7026
1686
9318
4408
1150
46
8116
9124
4268
4084
4938
7326
334
7590
314
5018
7160
8850
1836
6692
9356
1860
7692
150
450
8378
3246
9734
3290
3334
3228
1086
4406
7514
5352
2202
4836
8916
712
2514
2540
7508
1358
2886
954
7940
5046
110
7534
2378
2552
1592
2830
9198
486
5088
114
8702
9018
9202
9720
752
1476
9172
3016
604
7598
2672
3680
7490
6106
1768
5000
202
1152
192
6988
188
1182
5350
3632
8490
3216
8602
3902
5976
8300
338
1788
3964
8278
536
3794
624
2310
2914
8936
7194
3324
2840
4086
1370
7946
9040
7602
9750
8304
7312
4064
7452
9724
1012
2730
1374
1186
6830
5458
434
2956
1988
5200
7110
5170
6788
8166
556
7992
4382
6804
2424
9674
6670
956
566
1290
1252
6034
768
7990
640
9386
3516
5912
1480
1254
1348
290
6640
6278
1874
4680
8620
8326
4364
3460
7006
2266
448
6028
1040
3168
6840
1442
8784
5886
5764
6954
1234
9150
5738
6776
2946
7922
2802
754
4562
7840
8712
5394
5952
1654
146
5732
4778
5402
4710
5460
9070
308
5920
9170
2576
1032
7656
5528
8076
5430
9634
2152
3108
5984
6536
576
5688
3704
7124
6256
8016
5068
9924
9352
6382
5620
4460
8294
2940
5716
5766
4210
7772
1604
4502
1588
9788
7060
3644
8926
658
3450
3366
1082
1532
9010
3210
2506
528
8782
6456
4822
4520
6980
2242
3608
5204
402
3752
7074
4334
3582
5374
2788
9534
4856
4946
2534
9276
9812
3934
2036
6308
5124
4892
9768
7926
9614
9154
728
7104
4242
4436
4894
996
3466
4348
8898
9506
9476
6814
3590
4048
312
7272
1386
1144
1766
2686
5378
7716
6862
1966
8560
8316
4098
9148
2090
8208
4744
3176
2346
5872
4196
6594
304
7806
6652
2628
8522
3232
3966
1036
1498
5992
9152
9254
5120
7670
8070
7066
2184
4698
720
4998
1232
4664
6574
4368
8780
862
9664
970
500
4070
8996
4846
1882
2174
9762
7118
2262
600
9484
2374
5100
4764
6344
104
1412
4358
8414
9062
1884
9200
7212
234
4318
5356
9008
380
3086
1524
8856
1870
6040
2694
2268
7596
1562
1750
5744
2710
276
3656
9142
2516
9050
9310
588
4700
9786
1846
6200
4760
1940
4706
4050
766
6056
5704
8772
2692
7264
2876
5966
8514
1828
9770
544
406
3474
1942
1478
4944
7096
8524
4100
1776
3280
4190
7306
2002
7662
8634
7562
3622
3848
2384
3396
6636
9376
2726
3432
34
4740
5130
4650
1346
4964
4418
4986
3188
5036
7814
4570
4228
5364
2992
5632
6622
9188
2948
5512
5360
6566
6734
8030
5444
3288
4150
7918
9370
3886
7146
8342
6974
7282
4288
8280
1600
7876
9730
4362
5698
6108
8940
8816
2200
2404
4482
7546
3500
840
1626
4014
6300
9322
5132
878
9554
6518
9902
6008
642
4556
1272
4518
1306
4676
550
846
8628
7210
6422
888
9808
6276
9992
1210
7082
7068
7696
60
4610
9002
4862
2822
7216
9658
5558
9806
1070
646
4488
9804
1422
346
6856
5164
5562
2298
4330
3162
6130
7470
6230
9316
3822
5392
5830
3284
342
8288
8450
3658
376
8750
3362
6352
2654
8202
1016
1326
3208
3996
2352
3550
9860
6676
650
3942
8682
6162
6700
2376
4438
7072
5220
3802
1684
788
3722
9912
9178
4776
9834
6602
8386
1280
1126
7542
2164
8266
5572
1204
3494
2192
9710
6320
3118
9348
7150
5712
8846
5268
5526
2808
5570
1898
3894
1670
5770
8218
156
3034
8100
1216
8036
2560
5084
4812
8348
602
8590
908
5720
8984
6466
32
4424
3626
8966
9960
178
6378
6446
4468
6324
1902
8086
6394
2398
8390
5448
6540
706
8956
7582
4806
8320
634
3690
4096
756
2142
7950
7628
3292
5746
4794
8504
9656
9406
2970
8952
5154
8158
1004
4686
6596
3870
9862
4716
4780
6390
9754
9094
8710
3784
9384
2904
8408
138
5096
2356
7764
7938
7708
7080
5866
7032
2428
8420
3444
3628
2838
6972
1164
8978
7136
3152
6292
1612
5468
8650
9176
7414
8002
4904
3006
4396
3860
3790
8148
9832
5286
4976
7268
7854
1158
9100
3496
5310
6336
5654
5600
3754
6698
4536
4596
2582
4044
5078
710
8244
2544
6554
9324
3360
6484
944
9296
1598
4344
3920
7634
4028
1504
6686
4566
5564
3468
4126
8666
2934
2342
3146
6958
5736
5250
5486
8696
5488
470
416
8548
1160
7422
6884
4456
2140
1350
148
6038
2030
2172
1672
6682
2176
3404
3098
6800
8818
8110
4258
8460
8442
504
7948
404
1474
1328
1074
7318
2744
7572
6778
7090
7846
5116
2050
2790
1930
8636
5410
1190
1838
8142
8510
7270
9844
3068
9382
284
22
4694
6914
6116
8894
1028
2130
3484
2416
8968
4316
5982
5480
436
4546
8048
1542
6092
1696
9232
5658
3434
8068
1596
1818
2158
8844
8260
8912
8672
7364
2646
3838
3738
6668
9934
3308
2044
7196
8072
5838
8274
3676
8434
732
464
8804
7106
8882
4322
8534
8494
7258
4206
9416
298
2312
2324
8004
3170
1962
7322
9374
5178
682
2574
1198
9146
3498
9698
5612
5678
5274
8600
6366
3702
5754
9132
6822
5276
494
1400
4992
608
8318
38
1458
7642
3190
208
252
6504
2120
1018
8394
6268
8920
2098
3414
2684
1634
7838
5668
6872
8112
7308
1516
6880
8042
4550
9502
