488
126
328
806
934
66
496
428
876
656
778
394
942
146
72
38
60
962
634
990
542
598
118
430
696
798
418
24
156
892
442
688
416
270
678
278
438
464
926
624
548
584
572
832
680
510
630
708
124
468
136
578
466
392
284
834
692
176
638
64
94
770
244
874
894
932
652
722
158
726
300
326
818
62
592
138
988
200
296
740
50
890
702
144
188
282
12
106
314
704
914
912
474
262
752
372
922
54
730
694
614
944
938
980
154
540
232
400
566
436
658
382
342
754
332
432
706
214
820
462
420
182
316
180
448
4
720
344
700
272
526
422
522
320
610
0
544
378
28
676
112
2
664
570
252
48
596
204
42
306
952
654
134
898
662
910
310
550
568
870
354
380
586
716
724
794
588
14
878
738
424
524
256
836
792
142
352
486
976
760
780
554
242
358
994
814
104
848
746
84
966
590
88
764
670
620
266
632
68
862
340
618
452
602
830
628
888
626
122
230
762
948
964
828
308
140
192
220
906
412
900
824
350
530
482
34
968
322
304
206
76
768
884
82
294
556
902
504
10
116
736
338
840
450
162
410
956
396
246
788
98
682
958
744
168
454
636
558
494
346
312
398
222
594
854
426
30
330
686
194
564
324
108
74
288
178
800
532
582
978
698
520
998
804
576
456
360
280
646
86
546
604
502
954
776
728
506
248
986
480
298
402
904
684
362
292
508
996
860
406
908
852
528
992
202
866
772
390
166
742
896
750
264
22
872
498
756
20
70
882
336
236
224
40
174
460
408
536
600
52
842
846
250
710
476
734
864
160
816
210
130
516
96
274
668
918
348
434
786
388
648
606
718
186
376
616
478
198
458
472
844
672
856
784
970
790
404
110
484
16
642
128
228
470
562
612
44
356
812
366
880
552
972
334
56
276
370
560
858
920
690
826
26
132
290
514
444
36
238
32
802
974
924
580
714
184
196
150
650
950
916
748
640
732
982
666
58
216
318
6
92
258
364
512
78
774
810
518
850
286
930
796
18
114
838
164
212
368
384
644
946
80
766
240
446
208
148
8
254
386
808
100
622
608
886
490
940
190
440
492
172
268
758
120
936
170
574
782
534
928
260
218
538
414
46
822
226
234
500
712
674
960
984
660
152
302
102
374
868
90
